perpendicular gradient vs Iteration
      Iteration         node 1     node 2 ...          total
0.14835        0.29567                 --             --             --             --             --             --             --             --    0.38157        0.29748        1.12306        
0.14801        0.10406                 --             --             --             --             --             --             --             --    0.22863        0.29268        0.77338        
0.14737        0.07503        0.07540                 --             --             --             --             --             --             --    0.22155        0.29225        0.81160        
0.14697        0.06028        0.06021        0.06413                 --             --             --             --             --             --    0.19373        0.29335        0.81867        
0.14663        0.05013        0.05015        0.05197        0.05960                 --             --             --             --             --    0.15851        0.29467        0.81168        
0.14637        0.04236        0.04247        0.04401        0.04792        0.06451                 --             --             --             --    0.12876        0.29595        0.81236        
0.14614        0.03618        0.03635        0.03774        0.04074        0.04960        0.13816                 --             --             --    0.10601        0.29703        0.88795        
0.14596        0.03117        0.03137        0.03262        0.03513        0.04164        0.07832        0.11643                 --    0.14106        0.08313        0.29808        1.03490        
0.14580        0.02709        0.02730        0.02839        0.03051        0.03574        0.04805        0.06778        0.10139        0.09378        0.07238        0.29870        0.97692        
0.14567        0.02374        0.02396        0.02489        0.02703        0.03099        0.03477        0.04695        0.07037        0.07027        0.06443        0.29927        0.86234        
0.14555        0.02099        0.02121        0.02201        0.02380        0.02709        0.02822        0.03752        0.05396        0.05860        0.05838        0.29974        0.79708        
0.14546        0.01873        0.01894        0.01963        0.02113        0.02387        0.02414        0.03182        0.04505        0.05113        0.05361        0.30011        0.75363        
0.14538        0.01687        0.01708        0.01767        0.01893        0.02121        0.02120        0.02765        0.03871        0.04532        0.04973        0.30041        0.72015        
0.14530        0.01534        0.01554        0.01605        0.01711        0.01901        0.01892        0.02437        0.03372        0.04049        0.04648        0.30064        0.69295        
