Energy profile vs Iteration (eV) 
      Iteration         node 1     node 2 ...
1           0.00000     -6.24164       --          --          --          --          --          --          --          --       -23.23168   -66.55673   
2           0.00000     -12.97433      --          --          --          --          --          --          --          --       -35.98805   -66.55673   
3           0.00000     -14.12115   -14.09870      --          --          --          --          --          --          --       -42.34317   -66.55673   
4           0.00000     -14.75436   -14.73531   -14.60042      --          --          --          --          --          --       -48.07185   -66.55673   
5           0.00000     -15.17102   -15.15120   -15.06321   -14.83974      --          --          --          --          --       -52.29703   -66.55673   
6           0.00000     -15.46161   -15.44229   -15.37555   -15.23707   -14.76880      --          --          --          --       -55.11707   -66.55673   
7           0.00000     -15.67016   -15.65215   -15.60111   -15.50298   -15.22275   -1.92749       --          --          --       -56.99384   -66.55673   
8           0.00000     -15.82291   -15.80646   -15.76763   -15.69676   -15.50317   -3.79301    -2.52146       --       -1.02409    -58.28333   -66.55673   
9           0.00000     -15.93677   -15.92187   -15.89238   -15.84130   -15.70506   -4.40390    -3.84680    -2.64464    -3.07750    -59.09329   -66.55673   
10          0.00000     -16.02310   -16.00960   -15.98720   -15.94320   -15.85460   -4.64944    -4.32492    -3.52337    -4.02659    -59.71407   -66.55673   
11          0.00000     -16.08968   -16.07742   -16.06038   -16.02935   -15.96746   -4.78567    -4.57122    -4.06428    -4.58943    -60.21040   -66.55673   
12          0.00000     -16.14195   -16.13079   -16.11782   -16.09641   -16.05401   -4.87803    -4.73382    -4.39781    -4.99143    -60.62077   -66.55673   
13          0.00000     -16.18376   -16.17356   -16.16371   -16.14949   -16.12145   -4.94656    -4.85233    -4.63408    -5.30029    -60.96864   -66.55673   
14          0.00000     -16.21782   -16.20847   -16.20104   -16.19225   -16.17491   -4.99983    -4.94247    -4.80978    -5.54402    -61.26913   -66.55673   
