$hessian approximate
Dimension      9
  0.90457586330528705     
   0.0000000000000000        1.0000000000000000     
  -7.3885261432562382E-002   0.0000000000000000       0.94279191778886118     
  0.15123403193769469        0.0000000000000000       0.11709789866320648       0.76856075392304590     
   0.0000000000000000        0.0000000000000000        0.0000000000000000        0.0000000000000000        1.0000000000000000     
  -9.6757837700626348E-002   0.0000000000000000       -7.4917921760162529E-002  0.14269824983601703        0.0000000000000000       0.91564385627641465     
  -5.5809895267653002E-002   0.0000000000000000       -4.3212637249746645E-002   8.0205214170896724E-002   0.0000000000000000       -4.5940412150767926E-002  0.97560468108979015     
   0.0000000000000000        0.0000000000000000        0.0000000000000000        0.0000000000000000        0.0000000000000000        0.0000000000000000        0.0000000000000000        1.0000000000000000     
  0.17064309919017778        0.0000000000000000       0.13212600401542696      -0.25979614857223710        0.0000000000000000       0.15927406551918208        8.9153049416539121E-002   0.0000000000000000       0.70859993038583091     
$end
