c001water	2602	c001	-1	14	1	0	water	-67.9	abs	1	1	1	1	1	1	1	30.815	53.509	8.685	38.401	27.342	26.147	12.85	9.013	0	0	0	0	0	0	0	0	0	0	0	0	0	0	0	0	0	0	0	0	0	0	0	110.470
c046bwater	2620	c046b	-1	14	7	0	water	-64.0	abs	1	1	1	1	1	1	1	19.268	38.864	0	0	0	26.129	13.717	9.692	0	0	0	19.217	0.041	0	20.898	0	0	11.029	0	0	0	0	0	0	0	0	0	0	0	0	0	103.478
c065water	2612	c065	-1	14	2	0	water	-80.0	abs	1	1	1	1	1	1	1	56.562	11.395	26.197	0	0	45.175	13.199	8.276	4.834	0	0	0	0	0	0	0	0	0	0	0	0	0	0	0	0	0	0	0	0	0	0	113.133
c066water	2610	c066	-1	14	2	0	water	-78.5	abs	1	1	1	1	1	1	1	81.051	14.89	42.638	8.938	0	44.062	13.307	8.426	4.964	0	0	0	0	0	0	0	0	0	0	0	0	0	0	0	0	0	0	0	0	0	0	140.002
c067water	2604	c067	-1	14	2	0	water	-75.8	abs	1	1	1	1	1	1	1	102.533	17.915	57.06	13.218	0	44.04	13.321	8.45	5.064	0	0	0	0	0	0	0	0	0	0	0	0	0	0	0	0	0	0	0	0	0	0	164.488
c068water	2611	c068	-1	14	2	0	water	-76.0	abs	1	1	1	1	1	1	1	100.563	18.41	56.132	12.118	0	41.751	12.749	8.277	4.738	0	0	0	0	0	0	0	0	0	0	0	0	0	0	0	0	0	0	0	0	0	0	160.725
c069water	2605	c069	-1	14	2	0	water	-76.3	abs	1	1	1	1	1	1	1	121.58	21.334	70.032	14.22	0	40.551	13.02	8.328	4.045	0	0	0	0	0	0	0	0	0	0	0	0	0	0	0	0	0	0	0	0	0	0	183.465
c070water	2614	c070	-1	14	2	0	water	-72.1	abs	1	1	1	1	1	1	1	118.649	21.788	68.486	13.047	0	39.577	12.659	8.221	3.925	0	0	0	0	0	0	0	0	0	0	0	0	0	0	0	0	0	0	0	0	0	0	180.014
c071water	2608	c071	-1	14	2	0	water	-75.1	abs	1	1	1	1	1	1	1	78.584	32.76	41.095	27.917	0	43.986	13.338	8.466	4.538	0	0	0	0	0	0	0	0	0	0	0	0	0	0	0	0	0	0	0	0	0	0	155.330
c072water	2609	c072	-1	14	2	0	water	-75.4	abs	1	1	1	1	1	1	1	102.523	63.879	57.131	84.796	0	41.279	13.445	8.615	4.799	0	0	0	0	0	0	0	0	0	0	0	0	0	0	0	0	0	0	0	0	0	0	207.681
c073water	2606	c073	-1	14	2	0	water	-77.9	abs	1	1	1	1	1	1	1	101.971	19.091	56.624	5.317	0	57.007	13.342	8.467	5.306	0	0	0	0	0	0	0	0	0	0	0	0	0	0	0	0	0	0	0	0	0	0	178.069
c078water	2603	c078	-1	14	2	0	water	-73.3	abs	1	1	1	1	1	1	1	80.729	9.748	33.292	5.908	0	62.48	23.063	8.433	4.417	0	0	0	0	0	0	0	0	0	0	0	0	0	0	0	0	0	0	0	0	0	0	152.956
c082water	2613	c082	-1	14	2	0	water	-80.6	abs	1	1	1	1	1	1	1	54.622	10.359	25.273	0	0	62.47	12.955	8.287	1.482	0	23.196	0	0	0	0	0	0	0	0	0	0	0	0	0	0	0	0	0	0	0	0	127.451
c083water	2607	c083	-1	14	2	0	water	-77.1	abs	1	1	1	1	1	1	1	78.954	13.643	41.639	8.343	0	60.55	12.985	8.301	1.158	0	22.195	0	0	0	0	0	0	0	0	0	0	0	0	0	0	0	0	0	0	0	0	153.148
c089water	2624	c089	-1	14	7	0	water	-86.9	abs	1	1	1	1	1	1	1	32.237	0	0	0	0	52.298	24.411	15.375	0	0	0	0	0	0	0	0	0	0	0	0	0	0	0	0	0	0	0	0	0	0	0	84.534
c090water	2621	c090	-1	14	7	0	water	-82.3	abs	1	1	1	1	1	1	1	26.225	0	0	0	0	68.506	20.342	5.228	0	0	29.461	0	0	0	0	0	0	0	0	0	0	0	0	0	0	0	0	0	0	0	0	94.731
c091water	2623	c091	-1	14	7	0	water	-73.2	abs	1	1	1	1	1	1	1	16.92	0	0	0	0	78.448	13.024	8.439	0	0	35.297	0	0	0	0	0	0	0	0	0	0	0	0	0	0	0	0	0	0	0	0	95.369
c111water	2622	c111	-1	14	7	0	water	-65.5	abs	1	1	1	1	1	1	1	34.149	0	0	0	0	26.207	14.094	9.964	0	0	0	0	0	0	0	0	0	0	0	0	0	0	43.505	12.072	0	0	0	0	0	0	0	103.862
c114water	2619	c114	-1	14	7	0	water	-85.5	abs	1	1	1	1	1	1	1	18.016	0	0	0	0	26.095	12.768	8.797	0	0	0	0	0	0	0	0	0	0	0	34.071	0	0	0	0	0	0	0	0	0	0	0	78.182
c115water	2618	c115	-1	14	7	0	water	-67.5	abs	1	1	1	1	1	1	1	19.635	0	0	0	0	26.196	13.98	9.896	0	0	0	0	0	0	0	0	0	0	0	0	50.024	0	0	0	0	0	0	0	0	0	0	95.855
c116water	2617	c116	-1	14	7	0	water	-63.2	abs	1	1	1	1	1	1	1	20.206	0	0	0	0	26.206	14.392	10.21	0	0	0	0	0	0	0	0	0	0	0	0	0	55.98	0	0	0	0	0	0	0	0	0	102.392
c121water	2616	c121	-1	14	6	0	water	-68.0	abs	1	1	1	1	1	1	1	41.393	5.657	15.874	3.43	0	43.437	13.451	8.645	6.055	0	0	0	0	0	0	0	0	0	0	69.313	0	0	0	0	0	0	0	0	0	0	0	159.800
c122water	2615	c122	-1	14	6	0	water	-61.6	abs	1	1	1	1	1	1	1	25.98	2.519	7.463	2.252	0	41.432	10.948	7.388	6.433	0	0	0	0	0	0	0	0	0	0	123.016	0	0	0	0	0	0	0	0	0	0	0	192.948
i001water	2490	i001	-1	13	1	0	water	-76.5	abs	1	1	1	1	1	1	1	12.855	62.596	8.723	44.744	29.622	0	0	0	0	0	0	0	0	0	0	0	0	0	0	0	0	0	0	0	0	0	0	0	0	0	0	75.451
i041dimethylsulfoxide	2802	i041	-1	13	3	0	dimethylsulfoxide	-54.9	abs	1.417	0	0.88	61.7758	0	0	0.7744	26.059	38.449	17.562	25.938	0	0	0	0	0	0	0	28.008	0	0	10.827	6.691	0	15.108	0	0	0	0	0	0	0	0	0	0	0	0	0	92.516
i041water	2519	i041	-1	13	3	0	water	-66.6	abs	1	1	1	1	1	1	1	26.059	38.449	17.562	25.938	0	0	0	0	0	0	0	28.008	0	0	10.827	6.691	0	15.108	0	0	0	0	0	0	0	0	0	0	0	0	0	92.516
i043dimethylsulfoxide	2806	i043	-1	13	3	0	dimethylsulfoxide	-59.5	abs	1.417	0	0.88	61.7758	0	0	0.7744	13.936	21.825	0	0	0	0	0	0	0	0	0	48.722	9.62	0	44.449	12.997	0	14.971	0	0	0	0	0	0	0	0	0	0	0	0	0	84.483
i043water	2521	i043	-1	13	3	0	water	-72.2	abs	1	1	1	1	1	1	1	13.936	21.825	0	0	0	0	0	0	0	0	0	48.722	9.62	0	44.449	12.997	0	14.971	0	0	0	0	0	0	0	0	0	0	0	0	0	84.483
i044dimethylsulfoxide	2804	i044	-1	13	3	0	dimethylsulfoxide	-52.9	abs	1.417	0	0.88	61.7758	0	0	0.7744	75.597	60.704	42.686	80.485	0	0	0	0	0	0	0	19.889	8.389	0	3.357	24.094	0	0	0	0	0	0	0	0	0	0	0	0	0	0	0	156.190
i044water	2520	i044	-1	13	3	0	water	-62.9	abs	1	1	1	1	1	1	1	75.597	60.704	42.686	80.485	0	0	0	0	0	0	0	19.889	8.389	0	3.357	24.094	0	0	0	0	0	0	0	0	0	0	0	0	0	0	0	156.190
i045dimethylsulfoxide	2807	i045	-1	13	3	0	dimethylsulfoxide	-47.7	abs	1.417	0	0.88	61.7758	0	0	0.7744	120.655	114.53	81.32	152.538	0	0	0	0	0	0	0	11.396	0	0	5.467	34.521	0	0	0	0	0	0	0	0	0	0	0	0	0	0	0	246.580
i045water	2522	i045	-1	13	3	0	water	-54.6	abs	1	1	1	1	1	1	1	120.655	114.53	81.32	152.538	0	0	0	0	0	0	0	11.396	0	0	5.467	34.521	0	0	0	0	0	0	0	0	0	0	0	0	0	0	0	246.580
i046dimethylsulfoxide	2846	i046	-1	13	7	0	dimethylsulfoxide	-54.0	abs	1.417	0	0.88	61.7758	0	0	0.7744	0	38.872	0	0	0	0	0	0	0	0	0	27.924	0	0	20.872	0	0	15.852	0	0	0	0	0	0	0	0	0	0	0	0	0	66.797
i046water	2523	i046	-1	13	3	0	water	-70.2	abs	1	1	1	1	1	1	1	0	38.872	0	0	0	0	0	0	0	0	0	27.924	0	0	20.872	0	0	15.852	0	0	0	0	0	0	0	0	0	0	0	0	0	66.797
i058water	2510	i058	-1	13	2	0	water	-76.2	abs	1	1	1	1	1	1	1	14.128	14.577	9.033	0	0	54.483	0	0	30.917	0	0	0	0	0	0	0	0	0	0	0	0	0	0	0	0	0	0	0	0	0	0	83.188
i059acetonitrile	2717	i059	-1	13	2	0	acetonitrile	-58.8	abs	1.3442	0.07	0.32	41.2511	0	0	0.1024	38.059	19.609	25.488	11.074	0	51.922	0	0	29.395	0	0	0	0	0	0	0	0	0	0	0	0	0	0	0	0	0	0	0	0	0	0	109.591
i059dimethylsulfoxide	2788	i059	-1	13	2	0	dimethylsulfoxide	-59.2	abs	1.417	0	0.88	61.7758	0	0	0.7744	38.059	19.609	25.488	11.074	0	51.922	0	0	29.395	0	0	0	0	0	0	0	0	0	0	0	0	0	0	0	0	0	0	0	0	0	0	109.591
i059methanol	2646	i059	-1	13	2	0	methanol	-72.9	abs	1.3288	0.43	0.47	31.77	0	0	0.2209	38.059	19.609	25.488	11.074	0	51.922	0	0	29.395	0	0	0	0	0	0	0	0	0	0	0	0	0	0	0	0	0	0	0	0	0	0	109.591
i059water	2502	i059	-1	13	2	0	water	-77.6	abs	1	1	1	1	1	1	1	38.059	19.609	25.488	11.074	0	51.922	0	0	29.395	0	0	0	0	0	0	0	0	0	0	0	0	0	0	0	0	0	0	0	0	0	0	109.591
i060methanol	2659	i060	-1	13	2	0	methanol	-72.0	abs	1.3288	0.43	0.47	31.77	0	0	0.2209	59.972	23.428	40.156	16.605	0	48.471	0	0	27.317	0	0	0	0	0	0	0	0	0	0	0	0	0	0	0	0	0	0	0	0	0	0	131.871
i060water	2516	i060	-1	13	2	0	water	-76.2	abs	1	1	1	1	1	1	1	59.972	23.428	40.156	16.605	0	48.471	0	0	27.317	0	0	0	0	0	0	0	0	0	0	0	0	0	0	0	0	0	0	0	0	0	0	131.871
i061water	2511	i061	-1	13	2	0	water	-74.6	abs	1	1	1	1	1	1	1	127.208	31.028	85.174	26.152	0	48.44	0	0	27.358	0	0	0	0	0	0	0	0	0	0	0	0	0	0	0	0	0	0	0	0	0	0	206.677
i062methanol	2647	i062	-1	13	2	0	methanol	-68.8	abs	1.3288	0.43	0.47	31.77	0	0	0.2209	35.619	37.936	23.961	31.731	0.026	49.379	0	0	27.646	0	0	0	0	0	0	0	0	0	0	0	0	0	0	0	0	0	0	0	0	0	0	122.935
i062water	2504	i062	-1	13	2	0	water	-74.0	abs	1	1	1	1	1	1	1	35.619	37.936	23.961	31.731	0.026	49.379	0	0	27.646	0	0	0	0	0	0	0	0	0	0	0	0	0	0	0	0	0	0	0	0	0	0	122.935
i063water	2517	i063	-1	13	2	0	water	-68.5	abs	1	1	1	1	1	1	1	35.489	26.588	23.813	20.239	0	72.791	0	0	42.548	0	0	0	0	0	0	0	0	0	0	0	0	0	0	0	0	0	0	0	0	0	0	134.868
i064acetonitrile	2718	i064	-1	13	2	0	acetonitrile	-55.4	abs	1.3442	0.07	0.32	41.2511	0	0	0.1024	58.933	69.104	39.713	88.877	0	46.446	0	0	26.072	0	0	0	0	0	0	0	0	0	0	0	0	0	0	0	0	0	0	0	0	0	0	174.483
i064dimethylsulfoxide	2790	i064	-1	13	2	0	dimethylsulfoxide	-55.6	abs	1.417	0	0.88	61.7758	0	0	0.7744	58.933	69.104	39.713	88.877	0	46.446	0	0	26.072	0	0	0	0	0	0	0	0	0	0	0	0	0	0	0	0	0	0	0	0	0	0	174.483
i064methanol	2648	i064	-1	13	2	0	methanol	-67.5	abs	1.3288	0.43	0.47	31.77	0	0	0.2209	58.933	69.104	39.713	88.877	0	46.446	0	0	26.072	0	0	0	0	0	0	0	0	0	0	0	0	0	0	0	0	0	0	0	0	0	0	174.483
i064water	2506	i064	-1	13	2	0	water	-71.2	abs	1	1	1	1	1	1	1	58.933	69.104	39.713	88.877	0	46.446	0	0	26.072	0	0	0	0	0	0	0	0	0	0	0	0	0	0	0	0	0	0	0	0	0	0	174.483
i065dimethylsulfoxide	2794	i065	-1	13	2	0	dimethylsulfoxide	-67.6	abs	1.417	0	0.88	61.7758	0	0	0.7744	42.662	11.153	27.13	0	0	27.609	0	0	13.118	0	0	0	0	0	0	0	0	0	0	0	0	0	0	0	0	0	0	0	0	0	0	81.424
i065water	2513	i065	-1	13	2	0	water	-95.0	abs	1	1	1	1	1	1	1	42.662	11.153	27.13	0	0	27.609	0	0	13.118	0	0	0	0	0	0	0	0	0	0	0	0	0	0	0	0	0	0	0	0	0	0	81.424
i066dimethylsulfoxide	2792	i066	-1	13	2	0	dimethylsulfoxide	-64.6	abs	1.417	0	0.88	61.7758	0	0	0.7744	65.486	15.861	43.007	9.07	0	26.314	0	0	12.23	0	0	0	0	0	0	0	0	0	0	0	0	0	0	0	0	0	0	0	0	0	0	107.661
i066water	2508	i066	-1	13	2	0	water	-90.7	abs	1	1	1	1	1	1	1	65.486	15.861	43.007	9.07	0	26.314	0	0	12.23	0	0	0	0	0	0	0	0	0	0	0	0	0	0	0	0	0	0	0	0	0	0	107.661
i067water	2492	i067	-1	13	2	0	water	-88.3	abs	1	1	1	1	1	1	1	85.831	19.314	56.703	13.882	0	26.33	0	0	12.395	0	0	0	0	0	0	0	0	0	0	0	0	0	0	0	0	0	0	0	0	0	0	131.474
i068dimethylsulfoxide	2793	i068	-1	13	2	0	dimethylsulfoxide	-60.0	abs	1.417	0	0.88	61.7758	0	0	0.7744	86.694	19.577	57.635	12.764	0	24.995	0	0	11.353	0	0	0	0	0	0	0	0	0	0	0	0	0	0	0	0	0	0	0	0	0	0	131.266
i068water	2512	i068	-1	13	2	0	water	-86.3	abs	1	1	1	1	1	1	1	86.694	19.577	57.635	12.764	0	24.995	0	0	11.353	0	0	0	0	0	0	0	0	0	0	0	0	0	0	0	0	0	0	0	0	0	0	131.266
i069water	2493	i069	-1	13	2	0	water	-84.2	abs	1	1	1	1	1	1	1	106.732	23.958	71.093	17.641	0	21.651	0	0	8.914	0	0	0	0	0	0	0	0	0	0	0	0	0	0	0	0	0	0	0	0	0	0	152.341
i070dimethylsulfoxide	2797	i070	-1	13	2	0	dimethylsulfoxide	-56.1	abs	1.417	0	0.88	61.7758	0	0	0.7744	106.018	22.473	70.925	13.063	0	23.661	0	0	10.431	0	0	0	0	0	0	0	0	0	0	0	0	0	0	0	0	0	0	0	0	0	0	152.151
i070water	2518	i070	-1	13	2	0	water	-82.3	abs	1	1	1	1	1	1	1	106.018	22.473	70.925	13.063	0	23.661	0	0	10.431	0	0	0	0	0	0	0	0	0	0	0	0	0	0	0	0	0	0	0	0	0	0	152.151
i071water	2505	i071	-1	13	2	0	water	-86.6	abs	1	1	1	1	1	1	1	63.262	33.495	41.85	28.068	0	25.823	0	0	10.43	0	0	0	0	0	0	0	0	0	0	0	0	0	0	0	0	0	0	0	0	0	0	122.580
i072water	2507	i072	-1	13	2	0	water	-85.1	abs	1	1	1	1	1	1	1	85.614	65.372	56.932	85.805	0	22.777	0	0	9.909	0	0	0	0	0	0	0	0	0	0	0	0	0	0	0	0	0	0	0	0	0	0	173.762
i073water	2494	i073	-1	13	2	0	water	-89.4	abs	1	1	1	1	1	1	1	86.175	19.829	56.913	5.691	0	39.501	0	0	11.4	0	0	0	0	0	0	0	0	0	0	0	0	0	0	0	0	0	0	0	0	0	0	145.505
i074acetonitrile	2722	i074	-1	13	2	0	acetonitrile	-55.1	abs	1.3442	0.07	0.32	41.2511	0	0	0.1024	64.54	61.361	43.441	81.282	0	26.057	0	0	14.39	0	0	0	0	0	0	0	0	0	0	0	0	0	0	0	0	0	0	0	0	0	0	151.957
i074dimethylsulfoxide	2796	i074	-1	13	2	0	dimethylsulfoxide	-54.2	abs	1.417	0	0.88	61.7758	0	0	0.7744	64.54	61.361	43.441	81.282	0	26.057	0	0	14.39	0	0	0	0	0	0	0	0	0	0	0	0	0	0	0	0	0	0	0	0	0	0	151.957
i074methanol	2657	i074	-1	13	2	0	methanol	-69.3	abs	1.3288	0.43	0.47	31.77	0	0	0.2209	64.54	61.361	43.441	81.282	0	26.057	0	0	14.39	0	0	0	0	0	0	0	0	0	0	0	0	0	0	0	0	0	0	0	0	0	0	151.957
i074water	2515	i074	-1	13	2	0	water	-71.9	abs	1	1	1	1	1	1	1	64.54	61.361	43.441	81.282	0	26.057	0	0	14.39	0	0	0	0	0	0	0	0	0	0	0	0	0	0	0	0	0	0	0	0	0	0	151.957
i075water	2495	i075	-1	13	2	0	water	-70.2	abs	1	1	1	1	1	1	1	86.005	64.302	57.752	82.722	0	23.06	0	0	12.509	0	0	0	0	0	0	0	0	0	0	0	0	0	0	0	0	0	0	0	0	0	0	173.367
i076water	2497	i076	-1	13	2	0	water	-71.1	abs	1	1	1	1	1	1	1	86.281	63.584	57.946	81.247	0	26.05	0	0	14.388	0	0	0	0	0	0	0	0	0	0	0	0	0	0	0	0	0	0	0	0	0	0	175.915
i077water	2500	i077	-1	13	2	0	water	-72.0	abs	1	1	1	1	1	1	1	86.277	63.695	57.883	81.482	0	26.084	0	0	14.405	0	0	0	0	0	0	0	0	0	0	0	0	0	0	0	0	0	0	0	0	0	0	176.056
i078water	2491	i078	-1	13	2	0	water	-85.3	abs	1	1	1	1	1	1	1	64.617	10.74	33.372	6.307	0	44.907	9.686	0	11.122	0	0	0	0	0	0	0	0	0	0	0	0	0	0	0	0	0	0	0	0	0	0	120.264
i079methanol	2634	i079	-1	13	2	0	methanol	-70.0	abs	1.3288	0.43	0.47	31.77	0	0	0.2209	81.425	68.392	54.686	75.423	0	32.888	0.09	0	10.92	0	0	0	0	0	0	0	0	0	0	0	0	0	0	0	0	0	0	0	0	0	0	182.704
i080water	2496	i080	-1	13	2	0	water	-73.8	abs	1	1	1	1	1	1	1	60.903	56.54	33.362	74.867	0	45.336	8.037	0	15.196	0	0	0	0	0	0	0	0	0	0	0	0	0	0	0	0	0	0	0	0	0	0	162.780
i081water	2499	i081	-1	13	2	0	water	-77.6	abs	1	1	1	1	1	1	1	61.076	56.545	33.332	74.901	0	45.568	8.17	0	14.39	0	0	0	0	0	0	0	0	0	0	0	0	0	0	0	0	0	0	0	0	0	0	163.189
i082water	2514	i082	-1	13	2	0	water	-93.2	abs	1	1	1	1	1	1	1	38.912	10.029	25.776	0	0	45.985	0	0	2.557	0	28.638	0	0	0	0	0	0	0	0	0	0	0	0	0	0	0	0	0	0	0	0	94.925
i083water	2509	i083	-1	13	2	0	water	-89.2	abs	1	1	1	1	1	1	1	63.337	13.639	42.282	8.2	0	44.346	0	0	2.357	0	27.482	0	0	0	0	0	0	0	0	0	0	0	0	0	0	0	0	0	0	0	0	121.321
i084water	2501	i084	-1	13	2	0	water	-76.5	abs	1	1	1	1	1	1	1	39.503	30.243	26.277	20.338	0	27.239	0	0	14.922	0	0	0	0	0	0	0	0	0	0	0	0	0	0	0	0	0	0	0	0	0	0	96.986
i085dimethylsulfoxide	2789	i085	-1	13	2	0	dimethylsulfoxide	-60.4	abs	1.417	0	0.88	61.7758	0	0	0.7744	61.479	34.105	41.249	26.33	0	25.982	0	0	14.088	0	0	0	0	0	0	0	0	0	0	0	0	0	0	0	0	0	0	0	0	0	0	121.566
i085water	2503	i085	-1	13	2	0	water	-76.2	abs	1	1	1	1	1	1	1	61.479	34.105	41.249	26.33	0	25.982	0	0	14.088	0	0	0	0	0	0	0	0	0	0	0	0	0	0	0	0	0	0	0	0	0	0	121.566
i086dimethylsulfoxide	2787	i086	-1	13	2	0	dimethylsulfoxide	-59.0	abs	1.417	0	0.88	61.7758	0	0	0.7744	105.979	41.208	70.905	39.455	0	20.052	0	0	10.37	0	0	0	0	0	0	0	0	0	0	0	0	0	0	0	0	0	0	0	0	0	0	167.239
i086water	2498	i086	-1	13	2	0	water	-73.7	abs	1	1	1	1	1	1	1	105.979	41.208	70.905	39.455	0	20.052	0	0	10.37	0	0	0	0	0	0	0	0	0	0	0	0	0	0	0	0	0	0	0	0	0	0	167.239
i089dimethylsulfoxide	2848	i089	-1	13	7	0	dimethylsulfoxide	-77.0	abs	1.417	0	0.88	61.7758	0	0	0.7744	15.636	0	0	0	0	35.977	10.905	0	0	0	0	0	0	0	0	0	0	0	0	0	0	0	0	0	0	0	0	0	0	0	0	51.613
i089water	2549	i089	-1	13	7	0	water	-104.7	abs	1	1	1	1	1	1	1	15.636	0	0	0	0	35.977	10.905	0	0	0	0	0	0	0	0	0	0	0	0	0	0	0	0	0	0	0	0	0	0	0	0	51.613
i090water	2546	i090	-1	13	7	0	water	-97.3	abs	1	1	1	1	1	1	1	13.848	0	0	0	0	54.977	9.791	0	0	0	33.091	0	0	0	0	0	0	0	0	0	0	0	0	0	0	0	0	0	0	0	0	68.825
i091water	2548	i091	-1	13	7	0	water	-83.3	abs	1	1	1	1	1	1	1	0	0	0	0	0	62.413	0	0	0	0	42.196	0	0	0	0	0	0	0	0	0	0	0	0	0	0	0	0	0	0	0	0	62.413
i100water	2524	i100	-1	13	4	0	water	-60.1	abs	1	1	1	1	1	1	1	48.03	56.833	32.379	75.213	0	70.129	0	0	13.019	0	0	4.153	0	0	2.911	4.769	0	0	28.116	0	0	0	0	0	0	0	0	0	0	0	0	179.145
i101acetonitrile	2726	i101	-1	13	4	0	acetonitrile	-46.7	abs	1.3442	0.07	0.32	41.2511	0	0	0.1024	45.982	55.859	31.026	73.999	0	74.968	0	0	14.678	0	0	4.238	0	0	2.697	5.037	0	0	29.058	0	0	0	0	0	0	0	0	0	0	0	0	181.047
i101methanol	2664	i101	-1	13	4	0	methanol	-58.9	abs	1.3288	0.43	0.47	31.77	0	0	0.2209	45.982	55.859	31.026	73.999	0	74.968	0	0	14.678	0	0	4.238	0	0	2.697	5.037	0	0	29.058	0	0	0	0	0	0	0	0	0	0	0	0	181.047
i101water	2525	i101	-1	13	4	0	water	-61.9	abs	1	1	1	1	1	1	1	45.982	55.859	31.026	73.999	0	74.968	0	0	14.678	0	0	4.238	0	0	2.697	5.037	0	0	29.058	0	0	0	0	0	0	0	0	0	0	0	0	181.047
i102acetonitrile	2729	i102	-1	13	4	0	acetonitrile	-45.0	abs	1.3442	0.07	0.32	41.2511	0	0	0.1024	45.592	56.018	30.756	74.194	0	74.985	0	0	14.759	0	0	4.121	0	0	2.909	4.986	0	0	28.84	0	0	0	0	0	0	0	0	0	0	0	0	180.717
i102dimethylsulfoxide	2822	i102	-1	13	4	0	dimethylsulfoxide	-45.4	abs	1.417	0	0.88	61.7758	0	0	0.7744	45.592	56.018	30.756	74.194	0	74.985	0	0	14.759	0	0	4.121	0	0	2.909	4.986	0	0	28.84	0	0	0	0	0	0	0	0	0	0	0	0	180.717
i102methanol	2667	i102	-1	13	4	0	methanol	-54.1	abs	1.3288	0.43	0.47	31.77	0	0	0.2209	45.592	56.018	30.756	74.194	0	74.985	0	0	14.759	0	0	4.121	0	0	2.909	4.986	0	0	28.84	0	0	0	0	0	0	0	0	0	0	0	0	180.717
i102water	2527	i102	-1	13	4	0	water	-57.8	abs	1	1	1	1	1	1	1	45.592	56.018	30.756	74.194	0	74.985	0	0	14.759	0	0	4.121	0	0	2.909	4.986	0	0	28.84	0	0	0	0	0	0	0	0	0	0	0	0	180.717
i103dimethylsulfoxide	2827	i103	-1	13	4	0	dimethylsulfoxide	-61.3	abs	1.417	0	0.88	61.7758	0	0	0.7744	24.843	18.936	16.799	0	0	54.834	0	0	0	0	0	4.014	0	0	8.791	5.343	0	0	31.408	0	0	0	0	0	0	0	0	0	0	0	0	102.627
i103water	2529	i103	-1	13	4	0	water	-76.5	abs	1	1	1	1	1	1	1	24.843	18.936	16.799	0	0	54.834	0	0	0	0	0	4.014	0	0	8.791	5.343	0	0	31.408	0	0	0	0	0	0	0	0	0	0	0	0	102.627
i104dimethylsulfoxide	2820	i104	-1	13	4	0	dimethylsulfoxide	-47.4	abs	1.417	0	0.88	61.7758	0	0	0.7744	56.673	55.294	30.022	73.321	0	49.149	0	0	0	0	0	23.809	8.387	0	6.322	28.781	0	0	28.801	0	0	0	0	0	0	0	0	0	0	0	0	184.926
i104water	2526	i104	-1	13	4	0	water	-57.4	abs	1	1	1	1	1	1	1	56.673	55.294	30.022	73.321	0	49.149	0	0	0	0	0	23.809	8.387	0	6.322	28.781	0	0	28.801	0	0	0	0	0	0	0	0	0	0	0	0	184.926
i105dimethylsulfoxide	2823	i105	-1	13	4	0	dimethylsulfoxide	-58.0	abs	1.417	0	0.88	61.7758	0	0	0.7744	50.982	18.385	25.275	10.876	0	25.726	0	0	13.967	0	0	19.369	9.117	0	4.029	23.812	9.516	0	0	0	0	0	0	0	0	0	0	0	0	0	0	114.461
i105water	2528	i105	-1	13	4	0	water	-80.2	abs	1	1	1	1	1	1	1	50.982	18.385	25.275	10.876	0	25.726	0	0	13.967	0	0	19.369	9.117	0	4.029	23.812	9.516	0	0	0	0	0	0	0	0	0	0	0	0	0	0	114.461
i107water	2533	i107	-1	13	5	0	water	-73.8	abs	1	1	1	1	1	1	1	39.716	10.378	26.462	0	0	0	0	0	0	0	0	0	0	0	0	0	0	0	0	0	0	0	44.63	0	0	0	0	0	0	0	0	94.725
i108water	2532	i108	-1	13	5	0	water	-71.8	abs	1	1	1	1	1	1	1	63.612	14.039	42.511	8.469	0	0	0	0	0	0	0	0	0	0	0	0	0	0	0	0	0	0	42.485	0	0	0	0	0	0	0	0	120.136
i109water	2530	i109	-1	13	5	0	water	-70.5	abs	1	1	1	1	1	1	1	85.358	16.98	57.099	12.482	0	0	0	0	0	0	0	0	0	0	0	0	0	0	0	0	0	0	42.411	0	0	0	0	0	0	0	0	144.750
i110dimethylsulfoxide	2837	i110	-1	13	5	0	dimethylsulfoxide	-53.8	abs	1.417	0	0.88	61.7758	0	0	0.7744	63.365	59.398	42.705	79.151	0	0	0	0	0	0	0	0	0	0	0	0	0	0	0	0	0	0	41.489	0	0	0	0	0	0	0	0	164.252
i110water	2534	i110	-1	13	5	0	water	-63.4	abs	1	1	1	1	1	1	1	63.365	59.398	42.705	79.151	0	0	0	0	0	0	0	0	0	0	0	0	0	0	0	0	0	0	41.489	0	0	0	0	0	0	0	0	164.252
i111water	2547	i111	-1	13	7	0	water	-72.1	abs	1	1	1	1	1	1	1	14.648	0	0	0	0	0	0	0	0	0	0	0	0	0	0	0	0	0	0	0	0	0	51.376	11.055	0	0	0	0	0	0	0	66.024
i113dimethylsulfoxide	2833	i113	-1	13	5	0	dimethylsulfoxide	-55.4	abs	1.417	0	0.88	61.7758	0	0	0.7744	63.478	27.283	42.581	0	0	25.255	0	0	0	0	0	0	0	0	0	0	0	0	0	0	0	0	17.364	0.143	0	0	0	0	0	0	12.948	133.380
i113water	2531	i113	-1	13	5	0	water	-67.7	abs	1	1	1	1	1	1	1	63.478	27.283	42.581	0	0	25.255	0	0	0	0	0	0	0	0	0	0	0	0	0	0	0	0	17.364	0.143	0	0	0	0	0	0	12.948	133.380
i114water	2545	i114	-1	13	7	0	water	-104.4	abs	1	1	1	1	1	1	1	0	0	0	0	0	0	0	0	0	0	0	0	0	0	0	0	0	0	0	43.943	0	0	0	0	0	0	0	0	0	0	0	43.943
i115acetonitrile	2741	i115	-1	13	7	0	acetonitrile	-62.4	abs	1.3442	0.07	0.32	41.2511	0	0	0.1024	0	0	0	0	0	0	0	0	0	0	0	0	0	0	0	0	0	0	0	0	58.088	0	0	0	0	0	0	0	0	0	0	58.088
i115dimethylsulfoxide	2845	i115	-1	13	7	0	dimethylsulfoxide	-62.7	abs	1.417	0	0.88	61.7758	0	0	0.7744	0	0	0	0	0	0	0	0	0	0	0	0	0	0	0	0	0	0	0	0	58.088	0	0	0	0	0	0	0	0	0	0	58.088
i115methanol	2683	i115	-1	13	7	0	methanol	-71.5	abs	1.3288	0.43	0.47	31.77	0	0	0.2209	0	0	0	0	0	0	0	0	0	0	0	0	0	0	0	0	0	0	0	0	58.088	0	0	0	0	0	0	0	0	0	0	58.088
i115water	2544	i115	-1	13	7	0	water	-74.5	abs	1	1	1	1	1	1	1	0	0	0	0	0	0	0	0	0	0	0	0	0	0	0	0	0	0	0	0	58.088	0	0	0	0	0	0	0	0	0	0	58.088
i116acetonitrile	2740	i116	-1	13	7	0	acetonitrile	-59.3	abs	1.3442	0.07	0.32	41.2511	0	0	0.1024	0	0	0	0	0	0	0	0	0	0	0	0	0	0	0	0	0	0	0	0	0	63.617	0	0	0	0	0	0	0	0	0	63.617
i116dimethylsulfoxide	2844	i116	-1	13	7	0	dimethylsulfoxide	-57.8	abs	1.417	0	0.88	61.7758	0	0	0.7744	0	0	0	0	0	0	0	0	0	0	0	0	0	0	0	0	0	0	0	0	0	63.617	0	0	0	0	0	0	0	0	0	63.617
i116methanol	2682	i116	-1	13	7	0	methanol	-65.8	abs	1.3288	0.43	0.47	31.77	0	0	0.2209	0	0	0	0	0	0	0	0	0	0	0	0	0	0	0	0	0	0	0	0	0	63.617	0	0	0	0	0	0	0	0	0	63.617
i116water	2543	i116	-1	13	7	0	water	-68.3	abs	1	1	1	1	1	1	1	0	0	0	0	0	0	0	0	0	0	0	0	0	0	0	0	0	0	0	0	0	63.617	0	0	0	0	0	0	0	0	0	63.617
i117water	2540	i117	-1	13	6	0	water	-54.1	abs	1	1	1	1	1	1	1	0	14.828	0	0	0	0	0	0	0	0	0	0	0	0	0	0	0	0	0	0	115.855	0	0	0	0	0	0	0	0	0	0	130.683
i118water	2542	i118	-1	13	6	0	water	-59.3	abs	1	1	1	1	1	1	1	0	9.939	0	5.849	0	49.769	0	0	28.652	0	0	0	0	0	0	0	0	0	0	68.735	0	0	0	0	0	0	0	0	0	0	0	128.444
i119acetonitrile	2737	i119	-1	13	6	0	acetonitrile	-54.6	abs	1.3442	0.07	0.32	41.2511	0	0	0.1024	24.602	14.589	16.538	8.258	0	50.049	0	0	29.044	0	0	0	0	0	0	0	0	0	0	0	39.927	0	0	0	0	0	0	0	0	0	0	129.167
i119methanol	2679	i119	-1	13	6	0	methanol	-64.7	abs	1.3288	0.43	0.47	31.77	0	0	0.2209	24.602	14.589	16.538	8.258	0	50.049	0	0	29.044	0	0	0	0	0	0	0	0	0	0	0	39.927	0	0	0	0	0	0	0	0	0	0	129.167
i119water	2539	i119	-1	13	6	0	water	-69.7	abs	1	1	1	1	1	1	1	24.602	14.589	16.538	8.258	0	50.049	0	0	29.044	0	0	0	0	0	0	0	0	0	0	0	39.927	0	0	0	0	0	0	0	0	0	0	129.167
i120acetonitrile	2738	i120	-1	13	6	0	acetonitrile	-51.2	abs	1.3442	0.07	0.32	41.2511	0	0	0.1024	11.627	10.833	7.831	5.792	0	48.946	0	0	29.074	0	0	0	0	0	0	0	0	0	0	0	76.107	0	0	0	0	0	0	0	0	0	0	147.513
i120dimethylsulfoxide	2841	i120	-1	13	6	0	dimethylsulfoxide	-49.2	abs	1.417	0	0.88	61.7758	0	0	0.7744	11.627	10.833	7.831	5.792	0	48.946	0	0	29.074	0	0	0	0	0	0	0	0	0	0	0	76.107	0	0	0	0	0	0	0	0	0	0	147.513
i120methanol	2680	i120	-1	13	6	0	methanol	-59.3	abs	1.3288	0.43	0.47	31.77	0	0	0.2209	11.627	10.833	7.831	5.792	0	48.946	0	0	29.074	0	0	0	0	0	0	0	0	0	0	0	76.107	0	0	0	0	0	0	0	0	0	0	147.513
i120water	2541	i120	-1	13	6	0	water	-62.3	abs	1	1	1	1	1	1	1	11.627	10.833	7.831	5.792	0	48.946	0	0	29.074	0	0	0	0	0	0	0	0	0	0	0	76.107	0	0	0	0	0	0	0	0	0	0	147.513
i121dimethylsulfoxide	2838	i121	-1	13	6	0	dimethylsulfoxide	-56.1	abs	1.417	0	0.88	61.7758	0	0	0.7744	25.3	6.536	16.244	3.946	0	25.513	0	0	11.861	0	0	0	0	0	0	0	0	0	0	69.019	0	0	0	0	0	0	0	0	0	0	0	126.368
i121water	2536	i121	-1	13	6	0	water	-77.5	abs	1	1	1	1	1	1	1	25.3	6.536	16.244	3.946	0	25.513	0	0	11.861	0	0	0	0	0	0	0	0	0	0	69.019	0	0	0	0	0	0	0	0	0	0	0	126.368
i122water	2535	i122	-1	13	6	0	water	-65.5	abs	1	1	1	1	1	1	1	11.206	3.362	7.238	3.268	0	22.906	0	0	10.585	0	0	0	0	0	0	0	0	0	0	125.262	0	0	0	0	0	0	0	0	0	0	0	162.735
i123methanol	2670	i123	-1	13	6	0	methanol	-64.2	abs	1.3288	0.43	0.47	31.77	0	0	0.2209	50.727	56.394	34.179	74.774	0	24.387	0	0	13.884	0	0	0	0	0	0	0	0	0	0	0	37.993	0	0	0	0	0	0	0	0	0	0	169.501
i123water	2537	i123	-1	13	6	0	water	-66.1	abs	1	1	1	1	1	1	1	50.727	56.394	34.179	74.774	0	24.387	0	0	13.884	0	0	0	0	0	0	0	0	0	0	0	37.993	0	0	0	0	0	0	0	0	0	0	169.501
i124water	2538	i124	-1	13	6	0	water	-66.0	abs	1	1	1	1	1	1	1	49.846	55.585	33.589	73.676	0	26.053	0	0	14.551	0	0	0	0	0	0	0	0	0	0	0	39.312	0	0	0	0	0	0	0	0	0	0	170.795
i186dimethylsulfoxide	2798	i186	-1	13	3	0	dimethylsulfoxide	-56.7	abs	1.417	0	0.88	61.7758	0	0	0.7744	26	28.425	17.543	19.059	0	0	0	0	0	0	0	53.533	0	0	13.149	45.874	0	0	0	0	0	0	0	0	0	0	0	0	0	0	0	107.958
i187dimethylsulfoxide	2799	i187	-1	13	3	0	dimethylsulfoxide	-57.2	abs	1.417	0	0.88	61.7758	0	0	0.7744	26.07	29.576	17.566	0.38	0	0	0	0	0	0	0	52.16	0	0	55.17	105.886	0	0	0	0	0	0	0	0	0	0	0	0	0	0	0	107.806
i189acetonitrile	2713	i189	-1	13	2	0	acetonitrile	-54.4	abs	1.3442	0.07	0.32	41.2511	0	0	0.1024	119.616	75.147	80.192	89.288	0	42.14	0	0	23.514	0	0	0	0	0	0	0	0	0	0	0	0	0	0	0	0	0	0	0	0	0	0	236.903
i191acetonitrile	2723	i191	-1	13	4	0	acetonitrile	-36.0	abs	1.3442	0.07	0.32	41.2511	0	0	0.1024	29.964	50.905	20.235	67.344	0	119.12	0	0	13.192	0	0	8.318	0	0	5.72	9.807	0	0	57.269	0	0	0	0	0	0	0	0	0	0	0	0	208.307
i191dimethylsulfoxide	2814	i191	-1	13	4	0	dimethylsulfoxide	-38.0	abs	1.417	0	0.88	61.7758	0	0	0.7744	29.964	50.905	20.235	67.344	0	119.12	0	0	13.192	0	0	8.318	0	0	5.72	9.807	0	0	57.269	0	0	0	0	0	0	0	0	0	0	0	0	208.307
i191methanol	2660	i191	-1	13	4	0	methanol	-43.9	abs	1.3288	0.43	0.47	31.77	0	0	0.2209	29.964	50.905	20.235	67.344	0	119.12	0	0	13.192	0	0	8.318	0	0	5.72	9.807	0	0	57.269	0	0	0	0	0	0	0	0	0	0	0	0	208.307
i194acetonitrile	2733	i194	-1	13	6	0	acetonitrile	-53.5	abs	1.3442	0.07	0.32	41.2511	0	0	0.1024	46.765	64.357	31.533	82.337	0	43.743	0	0	25.016	0	0	0	0	0	0	0	0	0	0	0	34.811	0	0	0	0	0	0	0	0	0	0	189.677
i194dimethylsulfoxide	2839	i194	-1	13	6	0	dimethylsulfoxide	-53.6	abs	1.417	0	0.88	61.7758	0	0	0.7744	46.765	64.357	31.533	82.337	0	43.743	0	0	25.016	0	0	0	0	0	0	0	0	0	0	0	34.811	0	0	0	0	0	0	0	0	0	0	189.677
i194methanol	2669	i194	-1	13	6	0	methanol	-64.1	abs	1.3288	0.43	0.47	31.77	0	0	0.2209	46.765	64.357	31.533	82.337	0	43.743	0	0	25.016	0	0	0	0	0	0	0	0	0	0	0	34.811	0	0	0	0	0	0	0	0	0	0	189.677
i197methanol	2671	i197	-1	13	6	0	methanol	-67.5	abs	1.3288	0.43	0.47	31.77	0	0	0.2209	47.793	65.811	32.221	84.366	0	45.354	0	0	25.773	0	0	0	0	0	0	0	0	0	0	20.959	0	0	0	0	0	0	0	0	0	0	0	179.917
i198methanol	2672	i198	-1	13	6	0	methanol	-66.0	abs	1.3288	0.43	0.47	31.77	0	0	0.2209	51.339	57.989	34.578	76.882	0	25.319	0	0	14.114	0	0	0	0	0	0	0	0	0	0	23.686	0	0	0	0	0	0	0	0	0	0	0	158.333
i199acetonitrile	2714	i199	-1	13	2	0	acetonitrile	-46.5	abs	1.3442	0.07	0.32	41.2511	0	0	0.1024	52.362	64.371	32.951	83.206	0	63.275	4.178	0	30.53	0	0	0	0	0	0	0	0	0	0	0	0	0	0	0	0	0	0	0	0	0	0	180.008
i199methanol	2633	i199	-1	13	2	0	methanol	-55.4	abs	1.3288	0.43	0.47	31.77	0	0	0.2209	52.362	64.371	32.951	83.206	0	63.275	4.178	0	30.53	0	0	0	0	0	0	0	0	0	0	0	0	0	0	0	0	0	0	0	0	0	0	180.008
i200dimethylsulfoxide	2783	i200	-1	13	2	0	dimethylsulfoxide	-58.7	abs	1.417	0	0.88	61.7758	0	0	0.7744	90.375	78.891	60.801	111.055	0	26.67	0	0	15.556	0	0	0	0	0	0	0	0	0	0	0	0	0	0	0	0	0	0	0	0	0	0	195.936
i201dimethylsulfoxide	2815	i201	-1	13	4	0	dimethylsulfoxide	-59.5	abs	1.417	0	0.88	61.7758	0	0	0.7744	71.13	22.393	39.865	7.059	0	36.653	0	0	14.105	0	0	20.836	7.818	0	4.255	24.957	10.296	0	0	0	0	0	0	0	0	0	0	0	0	0	0	151.013
i204dimethylsulfoxide	2816	i204	-1	13	4	0	dimethylsulfoxide	-51.8	abs	1.417	0	0.88	61.7758	0	0	0.7744	85.863	92.218	57.826	129.701	0	25.956	0	0	14.543	0	0	0	0	0	0	0	0	0	0	0	0	0	0	0	0	0	0	0	0	0	0	204.037
i205acetonitrile	2724	i205	-1	13	4	0	acetonitrile	-51.9	abs	1.3442	0.07	0.32	41.2511	0	0	0.1024	47.777	61.864	32.218	79.314	0	92.932	0	0	24.148	0	0	0.915	0	0	1.736	1.088	0	0	30.128	0	0	0	0	0	0	0	0	0	0	0	0	203.487
i205dimethylsulfoxide	2817	i205	-1	13	4	0	dimethylsulfoxide	-52.6	abs	1.417	0	0.88	61.7758	0	0	0.7744	47.777	61.864	32.218	79.314	0	92.932	0	0	24.148	0	0	0.915	0	0	1.736	1.088	0	0	30.128	0	0	0	0	0	0	0	0	0	0	0	0	203.487
i205methanol	2661	i205	-1	13	4	0	methanol	-62.2	abs	1.3288	0.43	0.47	31.77	0	0	0.2209	47.777	61.864	32.218	79.314	0	92.932	0	0	24.148	0	0	0.915	0	0	1.736	1.088	0	0	30.128	0	0	0	0	0	0	0	0	0	0	0	0	203.487
i206dimethylsulfoxide	2818	i206	-1	13	4	0	dimethylsulfoxide	-59.9	abs	1.417	0	0.88	61.7758	0	0	0.7744	69.941	25.468	46.656	20.365	0	48.322	0	0	0	0	0	4.043	0	0	3.134	4.466	0	0	27.558	0	0	0	0	0	0	0	0	0	0	0	0	147.773
i207methanol	2635	i207	-1	13	2	0	methanol	-61.6	abs	1.3288	0.43	0.47	31.77	0	0	0.2209	139.086	70.556	93.376	81.592	0	18.96	0	0	10.236	0	0	0	0	0	0	0	0	0	0	0	0	0	0	0	0	0	0	0	0	0	0	228.601
i208acetonitrile	2734	i208	-1	13	6	0	acetonitrile	-43.8	abs	1.3442	0.07	0.32	41.2511	0	0	0.1024	23.727	45.677	16.03	60.455	0	26.052	0	0	14.894	0	0	0	0	0	0	0	0	0	0	0	107.709	0	0	0	0	0	0	0	0	0	0	203.165
i209acetonitrile	2715	i209	-1	13	2	0	acetonitrile	-59.7	abs	1.3442	0.07	0.32	41.2511	0	0	0.1024	97.307	73.469	65.292	89.713	0	46.499	0	0	26.089	0	0	0	0	0	0	0	0	0	0	0	0	0	0	0	0	0	0	0	0	0	0	217.275
i209dimethylsulfoxide	2784	i209	-1	13	2	0	dimethylsulfoxide	-59.8	abs	1.417	0	0.88	61.7758	0	0	0.7744	97.307	73.469	65.292	89.713	0	46.499	0	0	26.089	0	0	0	0	0	0	0	0	0	0	0	0	0	0	0	0	0	0	0	0	0	0	217.275
i209methanol	2636	i209	-1	13	2	0	methanol	-72.1	abs	1.3288	0.43	0.47	31.77	0	0	0.2209	97.307	73.469	65.292	89.713	0	46.499	0	0	26.089	0	0	0	0	0	0	0	0	0	0	0	0	0	0	0	0	0	0	0	0	0	0	217.275
i211dimethylsulfoxide	2819	i211	-1	13	4	0	dimethylsulfoxide	-59.5	abs	1.417	0	0.88	61.7758	0	0	0.7744	69.581	63.115	29.699	80.838	0	46.426	0	0	26.057	0	0	12.072	17.698	0	2.766	14.766	0	0	0	0	0	0	0	0	0	0	0	0	0	0	0	191.195
i212dimethylsulfoxide	2800	i212	-1	13	3	0	dimethylsulfoxide	-51.5	abs	1.417	0	0.88	61.7758	0	0	0.7744	62.593	52.768	33.956	53.652	0	0	0	0	0	0	0	34.424	8.345	0	14.809	69.751	0	0	0	0	0	0	0	0	0	0	0	0	0	0	0	149.785
i213methanol	2673	i213	-1	13	6	0	methanol	-63.9	abs	1.3288	0.43	0.47	31.77	0	0	0.2209	44.591	63.123	30.08	80.892	0	46.31	0	0	26.169	0	0	0	0	0	0	0	0	0	0	0	39.267	0	0	0	0	0	0	0	0	0	0	193.291
i215acetonitrile	2735	i215	-1	13	6	0	acetonitrile	-50.6	abs	1.3442	0.07	0.32	41.2511	0	0	0.1024	49.885	55.656	33.642	73.734	0	26.044	0	0	14.634	0	0	0	0	0	0	0	0	0	0	0	39.157	0	0	0	0	0	0	0	0	0	0	170.742
i215methanol	2674	i215	-1	13	6	0	methanol	-64.0	abs	1.3288	0.43	0.47	31.77	0	0	0.2209	49.885	55.656	33.642	73.734	0	26.044	0	0	14.634	0	0	0	0	0	0	0	0	0	0	0	39.157	0	0	0	0	0	0	0	0	0	0	170.742
i217methanol	2662	i217	-1	13	4	0	methanol	-59.0	abs	1.3288	0.43	0.47	31.77	0	0	0.2209	44.678	79.886	30.127	94.872	0	46.279	0	0	26.162	0	0	27.787	0	0	9.499	6.235	0	16.874	0	0	0	0	0	0	0	0	0	0	0	0	0	198.631
i218dimethylsulfoxide	2785	i218	-1	13	2	0	dimethylsulfoxide	-56.5	abs	1.417	0	0.88	61.7758	0	0	0.7744	56.009	63.955	29.875	81.99	0	65.587	8.257	0	27.824	0	0	0	0	0	0	0	0	0	0	0	0	0	0	0	0	0	0	0	0	0	0	185.551
i218methanol	2637	i218	-1	13	2	0	methanol	-68.4	abs	1.3288	0.43	0.47	31.77	0	0	0.2209	56.009	63.955	29.875	81.99	0	65.587	8.257	0	27.824	0	0	0	0	0	0	0	0	0	0	0	0	0	0	0	0	0	0	0	0	0	0	185.551
i219dimethylsulfoxide	2786	i219	-1	13	2	0	dimethylsulfoxide	-56.1	abs	1.417	0	0.88	61.7758	0	0	0.7744	81.204	71.097	54.568	88.516	0	46.446	0	0	26.068	0	0	0	0	0	0	0	0	0	0	0	0	0	0	0	0	0	0	0	0	0	0	198.747
i219methanol	2639	i219	-1	13	2	0	methanol	-68.2	abs	1.3288	0.43	0.47	31.77	0	0	0.2209	81.204	71.097	54.568	88.516	0	46.446	0	0	26.068	0	0	0	0	0	0	0	0	0	0	0	0	0	0	0	0	0	0	0	0	0	0	198.747
i220acetonitrile	2725	i220	-1	13	4	0	acetonitrile	-48.3	abs	1.3442	0.07	0.32	41.2511	0	0	0.1024	40.897	63.273	27.602	81.075	0	95.388	0	0	26.2	0	0	4.225	0	0	2.725	5.034	0	0	29.224	0	0	0	0	0	0	0	0	0	0	0	0	203.783
i220methanol	2663	i220	-1	13	4	0	methanol	-59.3	abs	1.3288	0.43	0.47	31.77	0	0	0.2209	40.897	63.273	27.602	81.075	0	95.388	0	0	26.2	0	0	4.225	0	0	2.725	5.034	0	0	29.224	0	0	0	0	0	0	0	0	0	0	0	0	203.783
i221methanol	2675	i221	-1	13	6	0	methanol	-60.2	abs	1.3288	0.43	0.47	31.77	0	0	0.2209	41.72	61.517	28.133	80.872	0	46.359	0	0	26.128	0	0	0	0	0	0	0	0	0	0	65.718	0	0	0	0	0	0	0	0	0	0	0	215.314
i222acetonitrile	2736	i222	-1	13	6	0	acetonitrile	-46.9	abs	1.3442	0.07	0.32	41.2511	0	0	0.1024	47.076	53.954	31.724	73.598	0	26.047	0	0	14.548	0	0	0	0	0	0	0	0	0	0	65.437	0	0	0	0	0	0	0	0	0	0	0	192.514
i224methanol	2665	i224	-1	13	4	0	methanol	-73.1	abs	1.3288	0.43	0.47	31.77	0	0	0.2209	69.022	63.363	29.467	81.23	0	46.53	0	0	26.063	0	0	12.118	17.542	0	2.772	14.768	0	0	0	0	0	0	0	0	0	0	0	0	0	0	0	191.034
i225dimethylsulfoxide	2801	i225	-1	13	3	0	dimethylsulfoxide	-51.3	abs	1.417	0	0.88	61.7758	0	0	0.7744	63.029	51.666	34.111	52.969	0	0	0	0	0	0	0	35.176	8.473	0	14.268	73.609	0	0	0	0	0	0	0	0	0	0	0	0	0	0	0	149.871
i226dimethylsulfoxide	2840	i226	-1	13	6	0	dimethylsulfoxide	-52.6	abs	1.417	0	0.88	61.7758	0	0	0.7744	44.196	63.418	29.815	81.334	0	46.372	0	0	26.121	0	0	0	0	0	0	0	0	0	0	0	39.059	0	0	0	0	0	0	0	0	0	0	193.045
i226methanol	2676	i226	-1	13	6	0	methanol	-63.9	abs	1.3288	0.43	0.47	31.77	0	0	0.2209	44.196	63.418	29.815	81.334	0	46.372	0	0	26.121	0	0	0	0	0	0	0	0	0	0	0	39.059	0	0	0	0	0	0	0	0	0	0	193.045
i227acetonitrile	2727	i227	-1	13	4	0	acetonitrile	-46.5	abs	1.3442	0.07	0.32	41.2511	0	0	0.1024	49.949	72.209	33.648	87.677	0	25.959	0	0	14.716	0	0	27.841	0	0	9.432	6.392	0	16.499	0	0	0	0	0	0	0	0	0	0	0	0	0	175.957
i228methanol	2677	i228	-1	13	6	0	methanol	-64.4	abs	1.3288	0.43	0.47	31.77	0	0	0.2209	45.084	65.242	30.409	83.802	0	46.42	0	0	26.079	0	0	0	0	0	0	0	0	0	0	24.539	0	0	0	0	0	0	0	0	0	0	0	181.285
i229methanol	2640	i229	-1	13	2	0	methanol	-59.2	abs	1.3288	0.43	0.47	31.77	0	0	0.2209	59.225	67.265	39.733	84.446	0	50.49	0	0	29.28	0	0	0	0	0	0	0	0	0	0	0	0	0	0	0	0	0	0	0	0	0	0	176.980
i231acetonitrile	2716	i231	-1	13	2	0	acetonitrile	-53.8	abs	1.3442	0.07	0.32	41.2511	0	0	0.1024	55.539	64.299	29.615	82.502	0	65.604	8.195	0	27.633	0	0	0	0	0	0	0	0	0	0	0	0	0	0	0	0	0	0	0	0	0	0	185.442
i231methanol	2641	i231	-1	13	2	0	methanol	-65.7	abs	1.3288	0.43	0.47	31.77	0	0	0.2209	55.539	64.299	29.615	82.502	0	65.604	8.195	0	27.633	0	0	0	0	0	0	0	0	0	0	0	0	0	0	0	0	0	0	0	0	0	0	185.442
i232methanol	2642	i232	-1	13	2	0	methanol	-69.0	abs	1.3288	0.43	0.47	31.77	0	0	0.2209	76.743	72.147	51.601	80.317	0	59.454	0	0	27.09	0	0	0	0	0	0	0	0	0	0	0	0	0	0	0	0	0	0	0	0	0	0	208.344
i233methanol	2643	i233	-1	13	2	0	methanol	-68.6	abs	1.3288	0.43	0.47	31.77	0	0	0.2209	80.733	71.339	54.245	88.894	0	46.494	0	0	26.094	0	0	0	0	0	0	0	0	0	0	0	0	0	0	0	0	0	0	0	0	0	0	198.566
i234acetonitrile	2728	i234	-1	13	4	0	acetonitrile	-48.0	abs	1.3442	0.07	0.32	41.2511	0	0	0.1024	40.048	63.876	27.038	81.913	0	95.138	0	0	26.123	0	0	4.208	0	0	2.751	5.022	0	0	29.078	0	0	0	0	0	0	0	0	0	0	0	0	203.270
i234dimethylsulfoxide	2821	i234	-1	13	4	0	dimethylsulfoxide	-48.2	abs	1.417	0	0.88	61.7758	0	0	0.7744	40.048	63.876	27.038	81.913	0	95.138	0	0	26.123	0	0	4.208	0	0	2.751	5.022	0	0	29.078	0	0	0	0	0	0	0	0	0	0	0	0	203.270
i234methanol	2666	i234	-1	13	4	0	methanol	-58.2	abs	1.3288	0.43	0.47	31.77	0	0	0.2209	40.048	63.876	27.038	81.913	0	95.138	0	0	26.123	0	0	4.208	0	0	2.751	5.022	0	0	29.078	0	0	0	0	0	0	0	0	0	0	0	0	203.270
i235methanol	2644	i235	-1	13	2	0	methanol	-67.4	abs	1.3288	0.43	0.47	31.77	0	0	0.2209	132.022	76.53	88.647	86.595	0	46.514	0	0	26.113	0	0	0	0	0	0	0	0	0	0	0	0	0	0	0	0	0	0	0	0	0	0	255.067
i236methanol	2645	i236	-1	13	2	0	methanol	-68.0	abs	1.3288	0.43	0.47	31.77	0	0	0.2209	137.754	68.91	92.443	79.148	0	26.091	0	0	14.469	0	0	0	0	0	0	0	0	0	0	0	0	0	0	0	0	0	0	0	0	0	0	232.754
i237dimethylsulfoxide	2803	i237	-1	13	3	0	dimethylsulfoxide	-56.4	abs	1.417	0	0.88	61.7758	0	0	0.7744	51.422	49.38	17.581	19.052	0	0	0	0	0	0	0	72.104	17.572	0	82.333	209.724	0	0	0	0	0	0	0	0	0	0	0	0	0	0	0	172.907
i238dimethylsulfoxide	2824	i238	-1	13	4	0	dimethylsulfoxide	-55.6	abs	1.417	0	0.88	61.7758	0	0	0.7744	66.707	67.78	39.021	87.599	0	22.59	0	0	12.338	0	0	20.664	6.083	0	4.22	25.531	10.176	0	0	0	0	0	0	0	0	0	0	0	0	0	0	177.740
i239dimethylsulfoxide	2825	i239	-1	13	4	0	dimethylsulfoxide	-54.0	abs	1.417	0	0.88	61.7758	0	0	0.7744	93.065	69.924	53.683	90.413	0	20.304	0	0	10.676	0	0	19.054	9.137	0	3.664	23.192	9.372	0	0	0	0	0	0	0	0	0	0	0	0	0	0	202.346
i240acetonitrile	2731	i240	-1	13	5	0	acetonitrile	-55.4	abs	1.3442	0.07	0.32	41.2511	0	0	0.1024	71.621	57.985	39.803	77.581	0	48.954	0	0	0	0	0	18.161	8.702	0	0	0	0	0	0	0	0	0	3.789	5.902	0	0	0	0	0	0	26.886	200.511
i240dimethylsulfoxide	2831	i240	-1	13	5	0	dimethylsulfoxide	-54.6	abs	1.417	0	0.88	61.7758	0	0	0.7744	71.621	57.985	39.803	77.581	0	48.954	0	0	0	0	0	18.161	8.702	0	0	0	0	0	0	0	0	0	3.789	5.902	0	0	0	0	0	0	26.886	200.511
i241dimethylsulfoxide	2791	i241	-1	13	2	0	dimethylsulfoxide	-55.4	abs	1.417	0	0.88	61.7758	0	0	0.7744	100.163	83.037	67.374	107.747	0	24.834	0	0	13.996	0	0	0	0	0	0	0	0	0	0	0	0	0	0	0	0	0	0	0	0	0	0	208.034
i242methanol	2678	i242	-1	13	6	0	methanol	-63.0	abs	1.3288	0.43	0.47	31.77	0	0	0.2209	24.559	14.394	16.507	8.241	0	49.636	0	0	28.7	0	0	0	0	0	0	0	0	0	0	0	0	45.41	0	0	0	0	0	0	0	0	0	133.999
i243acetonitrile	2719	i243	-1	13	2	0	acetonitrile	-56.7	abs	1.3442	0.07	0.32	41.2511	0	0	0.1024	83.206	25.578	55.702	19.531	0	48.498	0	0	27.371	0	0	0	0	0	0	0	0	0	0	0	0	0	0	0	0	0	0	0	0	0	0	157.281
i243methanol	2649	i243	-1	13	2	0	methanol	-71.4	abs	1.3288	0.43	0.47	31.77	0	0	0.2209	83.206	25.578	55.702	19.531	0	48.498	0	0	27.371	0	0	0	0	0	0	0	0	0	0	0	0	0	0	0	0	0	0	0	0	0	0	157.281
i244dimethylsulfoxide	2805	i244	-1	13	3	0	dimethylsulfoxide	-49.9	abs	1.417	0	0.88	61.7758	0	0	0.7744	101.988	111.964	68.714	156.823	0	0	0	0	0	0	0	15.664	0	0	6.176	47.172	0	0	0	0	0	0	0	0	0	0	0	0	0	0	0	229.616
i245acetonitrile	2730	i245	-1	13	4	0	acetonitrile	-50.8	abs	1.3442	0.07	0.32	41.2511	0	0	0.1024	24.682	31.745	16.561	21.609	0	49.561	0	0	29.299	0	0	27.794	0	0	9.306	6.095	0	16.827	0	0	0	0	0	0	0	0	0	0	0	0	0	133.782
i245methanol	2668	i245	-1	13	4	0	methanol	-61.7	abs	1.3288	0.43	0.47	31.77	0	0	0.2209	24.682	31.745	16.561	21.609	0	49.561	0	0	29.299	0	0	27.794	0	0	9.306	6.095	0	16.827	0	0	0	0	0	0	0	0	0	0	0	0	0	133.782
i246methanol	2650	i246	-1	13	2	0	methanol	-71.3	abs	1.3288	0.43	0.47	31.77	0	0	0.2209	83.388	31.088	55.941	34.027	0	46.278	0	0	26.1	0	0	0	0	0	0	0	0	0	0	0	0	0	0	0	0	0	0	0	0	0	0	160.754
i247acetonitrile	2720	i247	-1	13	2	0	acetonitrile	-55.6	abs	1.3442	0.07	0.32	41.2511	0	0	0.1024	125.93	26.486	84.302	28.144	0	46.937	0	0	26.437	0	0	0	0	0	0	0	0	0	0	0	0	0	0	0	0	0	0	0	0	0	0	199.353
i247methanol	2651	i247	-1	13	2	0	methanol	-70.8	abs	1.3288	0.43	0.47	31.77	0	0	0.2209	125.93	26.486	84.302	28.144	0	46.937	0	0	26.437	0	0	0	0	0	0	0	0	0	0	0	0	0	0	0	0	0	0	0	0	0	0	199.353
i248dimethylsulfoxide	2782	i248	-1	13	1	0	dimethylsulfoxide	-56.1	abs	1.417	0	0.88	61.7758	0	0	0.7744	65.156	62.707	43.908	82.953	0	0	0	0	0	0	0	0	0	0	0	0	0	0	0	0	0	0	0	0	0	0	0	0	0	0	0	127.862
i250methanol	2652	i250	-1	13	2	0	methanol	-71.7	abs	1.3288	0.43	0.47	31.77	0	0	0.2209	58.707	35.22	39.587	41.134	0	47.154	0	0	26.418	0	0	0	0	0	0	0	0	0	0	0	0	0	0	0	0	0	0	0	0	0	0	141.081
i251dimethylsulfoxide	2832	i251	-1	13	5	0	dimethylsulfoxide	-56.9	abs	1.417	0	0.88	61.7758	0	0	0.7744	62.055	26.517	41.697	0	0	50.665	0	0	0	0	0	0	0	0	0	0	0	0	0	0	0	0	3.698	1.851	0	0	0	0	0	0	27.665	142.935
i252dimethylsulfoxide	2836	i252	-1	13	5	0	dimethylsulfoxide	-54.9	abs	1.417	0	0.88	61.7758	0	0	0.7744	48.32	16.163	24.482	9.708	0	0	0	0	0	0	0	20.266	8.105	0	3.465	23.96	0	0	0	0	0	0	41.65	0	0	0	0	0	0	0	0	126.398
i253methanol	2681	i253	-1	13	6	0	methanol	-67.2	abs	1.3288	0.43	0.47	31.77	0	0	0.2209	25.489	15.647	17.033	9.1	0	50.656	0	0	28.867	0	0	0	0	0	0	0	0	0	0	24.341	0	0	0	0	0	0	0	0	0	0	0	116.132
i254dimethylsulfoxide	2826	i254	-1	13	4	0	dimethylsulfoxide	-57.6	abs	1.417	0	0.88	61.7758	0	0	0.7744	26.922	13.811	8.906	0	0	26.775	0	0	14.659	0	0	21.129	9.145	0	6.626	29.4	10.391	0	0	0	0	0	0	0	0	0	0	0	0	0	0	88.637
i255acetonitrile	2721	i255	-1	13	2	0	acetonitrile	-54.7	abs	1.3442	0.07	0.32	41.2511	0	0	0.1024	31.955	15.773	17.243	9.092	0	69.274	5.958	0	26.819	0	0	0	0	0	0	0	0	0	0	0	0	0	0	0	0	0	0	0	0	0	0	117.001
i255methanol	2653	i255	-1	13	2	0	methanol	-66.6	abs	1.3288	0.43	0.47	31.77	0	0	0.2209	31.955	15.773	17.243	9.092	0	69.274	5.958	0	26.819	0	0	0	0	0	0	0	0	0	0	0	0	0	0	0	0	0	0	0	0	0	0	117.001
i257dimethylsulfoxide	2808	i257	-1	13	3	0	dimethylsulfoxide	-56.7	abs	1.417	0	0.88	61.7758	0	0	0.7744	39.115	42.232	26.352	18.553	0	0	0	0	0	0	0	33.083	0	0	39.621	107.2	0	0	0	0	0	0	0	0	0	0	0	0	0	0	0	114.429
i258dimethylsulfoxide	2809	i258	-1	13	3	0	dimethylsulfoxide	-46.0	abs	1.417	0	0.88	61.7758	0	0	0.7744	13.009	49.286	8.768	39.974	0	0	0	0	0	0	0	55.806	0	0	20.837	13.071	0	32.051	0	0	0	0	0	0	0	0	0	0	0	0	0	118.102
i259methanol	2654	i259	-1	13	2	0	methanol	-69.8	abs	1.3288	0.43	0.47	31.77	0	0	0.2209	86.281	63.585	57.945	81.247	0	26.05	0	0	14.389	0	0	0	0	0	0	0	0	0	0	0	0	0	0	0	0	0	0	0	0	0	0	175.916
i260dimethylsulfoxide	2834	i260	-1	13	5	0	dimethylsulfoxide	-57.5	abs	1.417	0	0.88	61.7758	0	0	0.7744	50.317	9.084	25.48	0	0	51.291	0	0	0	0	0	20.907	8.528	0	0	0	0	0	0	0	0	0	4.016	5.901	0	0	0	0	0	0	28.08	135.614
i261acetonitrile	2732	i261	-1	13	5	0	acetonitrile	-54.0	abs	1.3442	0.07	0.32	41.2511	0	0	0.1024	37.883	9.022	25.426	0	0	78.955	0	0	0	0	0	0	0	0	0	0	0	0	0	0	0	0	4.417	0	0	0	0	0	0	0	43.257	130.276
i262dimethylsulfoxide	2835	i262	-1	13	5	0	dimethylsulfoxide	-55.7	abs	1.417	0	0.88	61.7758	0	0	0.7744	107.63	19.585	72.013	15.711	0	0	0	0	0	0	0	0	0	0	0	0	0	0	0	0	0	0	42.396	0	0	0	0	0	0	0	0	169.612
i263acetonitrile	2742	i263	-1	13	7	0	acetonitrile	-51.0	abs	1.3442	0.07	0.32	41.2511	0	0	0.1024	0	0	0	0	0	84.703	0	0	0	0	0	5.039	0	0	0	0	0	0	48.927	0	0	0	0	0	0	0	0	0	0	0	0	89.742
i265dimethylsulfoxide	2847	i265	-1	13	7	0	dimethylsulfoxide	-54.5	abs	1.417	0	0.88	61.7758	0	0	0.7744	0	0	0	0	0	57.953	0	0	0	0	0	18.293	0	0	0	0	0	0	33.293	0	0	0	0	0	0	0	0	0	0	0	0	76.246
i266methanol	2655	i266	-1	13	2	0	methanol	-68.1	abs	1.3288	0.43	0.47	31.77	0	0	0.2209	85.797	64.981	57.602	83.175	0	22.656	0	0	12.213	0	0	0	0	0	0	0	0	0	0	0	0	0	0	0	0	0	0	0	0	0	0	173.434
i267dimethylsulfoxide	2795	i267	-1	13	2	0	dimethylsulfoxide	-53.9	abs	1.417	0	0.88	61.7758	0	0	0.7744	86.71	63.485	58.173	81.324	0	26.086	0	0	14.405	0	0	0	0	0	0	0	0	0	0	0	0	0	0	0	0	0	0	0	0	0	0	176.280
i267methanol	2656	i267	-1	13	2	0	methanol	-70.2	abs	1.3288	0.43	0.47	31.77	0	0	0.2209	86.71	63.485	58.173	81.324	0	26.086	0	0	14.405	0	0	0	0	0	0	0	0	0	0	0	0	0	0	0	0	0	0	0	0	0	0	176.280
i269methanol	2658	i269	-1	13	2	0	methanol	-69.5	abs	1.3288	0.43	0.47	31.77	0	0	0.2209	80.901	70.85	54.446	90.106	0	46.185	0	0	26.562	0	0	0	0	0	0	0	0	0	0	0	0	0	0	0	0	0	0	0	0	0	0	197.936
i270dimethylsulfoxide	2810	i270	-1	13	3	0	dimethylsulfoxide	-56.4	abs	1.417	0	0.88	61.7758	0	0	0.7744	63.625	109.691	42.891	128.293	22.523	0	0	0	0	0	0	0	0	0	0	0	0	0	0	0	0	0	0	0	0	0	0	0	0	0	0	173.316
i271dimethylsulfoxide	2811	i271	-1	13	3	0	dimethylsulfoxide	-41.0	abs	1.417	0	0.88	61.7758	0	0	0.7744	58.378	93.593	39.354	112.275	0	0	0	0	0	0	0	55.02	0	0	16.019	12.702	0	32.308	0	0	0	0	0	0	0	0	0	0	0	0	0	206.992
i272dimethylsulfoxide	2812	i272	-1	13	3	0	dimethylsulfoxide	-54.2	abs	1.417	0	0.88	61.7758	0	0	0.7744	39.06	40.791	26.334	35.907	0	0	0	0	0	0	0	34.763	0	0	12.817	45.101	0	0	0	0	0	0	0	0	0	0	0	0	0	0	0	114.613
i274dimethylsulfoxide	2828	i274	-1	13	4	0	dimethylsulfoxide	-58.6	abs	1.417	0	0.88	61.7758	0	0	0.7744	50.95	27.92	34.164	22.933	0	52.932	0	0	31.676	0	0	15.4	0	0	7.894	45.364	15.046	0	0	0	0	0	0	0	0	0	0	0	0	0	0	147.201
i275dimethylsulfoxide	2813	i275	-1	13	3	0	dimethylsulfoxide	-54.5	abs	1.417	0	0.88	61.7758	0	0	0.7744	12.996	15.281	8.77	0	0	0	0	0	0	0	0	72.948	0	0	28.708	48.493	0	0	0	0	0	0	0	0	0	0	0	0	0	0	0	101.225
i276dimethylsulfoxide	2842	i276	-1	13	6	0	dimethylsulfoxide	-49.2	abs	1.417	0	0.88	61.7758	0	0	0.7744	13.397	9.084	0	5.46	0	24.434	0	0	13.608	0	0	18.264	9.236	0	3.776	23.082	9.031	0	0	68.164	0	0	0	0	0	0	0	0	0	0	0	133.343
i277acetonitrile	2739	i277	-1	13	6	0	acetonitrile	-45.6	abs	1.3442	0.07	0.32	41.2511	0	0	0.1024	0	9.94	0	5.849	0	49.769	0	0	28.652	0	0	0	0	0	0	0	0	0	0	68.736	0	0	0	0	0	0	0	0	0	0	0	128.444
i277dimethylsulfoxide	2843	i277	-1	13	6	0	dimethylsulfoxide	-45.0	abs	1.417	0	0.88	61.7758	0	0	0.7744	0	9.94	0	5.849	0	49.769	0	0	28.652	0	0	0	0	0	0	0	0	0	0	68.736	0	0	0	0	0	0	0	0	0	0	0	128.444
i279dimethylsulfoxide	2829	i279	-1	13	4	0	dimethylsulfoxide	-58.9	abs	1.417	0	0.88	61.7758	0	0	0.7744	39.224	9.301	0	0	0	25.547	0	0	14.039	0	0	32.474	27.146	0	16.295	43.15	15.401	0	0	0	0	0	0	0	0	0	0	0	0	0	0	106.546
i280dimethylsulfoxide	2830	i280	-1	13	4	0	dimethylsulfoxide	-52.9	abs	1.417	0	0.88	61.7758	0	0	0.7744	66.143	94.172	44.606	116.816	0	21.088	0	0	11.83	0	0	27.863	0	0	9.817	6.485	0	16.334	0	0	0	0	0	0	0	0	0	0	0	0	0	209.266
i281methanol	2638	i281	-1	13	2	0	methanol	-67.7	abs	1.3288	0.43	0.47	31.77	0	0	0.2209	76.923	71.811	51.73	79.714	0	59.428	0	0	27.198	0	0	0	0	0	0	0	0	0	0	0	0	0	0	0	0	0	0	0	0	0	0	208.162
