0001metwater	34	0001met	0	2	1	1	water	2.00	abs	1	1	1	1	1	1	1	52.472	18.04	35.235	0	0	0	0	0	0	0	0	0	0	0	0	0	0	0	0	0	0	0	0	0	0	0	0	0	0	0	0	70.511
0002ethwater	37	0002eth	0	2	1	1	water	1.83	abs	1	1	1	1	1	1	1	77.809	20.238	52.197	12.313	0	0	0	0	0	0	0	0	0	0	0	0	0	0	0	0	0	0	0	0	0	0	0	0	0	0	0	98.047
0003prowater	40	0003pro	0	2	1	1	water	1.96	abs	1	1	1	1	1	1	1	100.286	22.622	67.242	16.528	0	0	0	0	0	0	0	0	0	0	0	0	0	0	0	0	0	0	0	0	0	0	0	0	0	0	0	122.908
0004nbuwater	44	0004nbu	0	2	1	1	water	2.08	abs	1	1	1	1	1	1	1	122.193	25.361	81.907	19.84	0	0	0	0	0	0	0	0	0	0	0	0	0	0	0	0	0	0	0	0	0	0	0	0	0	0	0	147.554
0005npewater	48	0005npe	0	2	1	1	water	2.33	abs	1	1	1	1	1	1	1	144.054	28.074	96.545	23.154	0	0	0	0	0	0	0	0	0	0	0	0	0	0	0	0	0	0	0	0	0	0	0	0	0	0	0	172.128
0006nhewater	56	0006nhe	0	2	1	1	water	2.49	abs	1	1	1	1	1	1	1	165.97	30.786	111.217	26.46	0	0	0	0	0	0	0	0	0	0	0	0	0	0	0	0	0	0	0	0	0	0	0	0	0	0	0	196.756
0007nhewater	63	0007nhe	0	2	1	1	water	2.62	abs	1	1	1	1	1	1	1	187.842	33.523	125.862	29.785	0	0	0	0	0	0	0	0	0	0	0	0	0	0	0	0	0	0	0	0	0	0	0	0	0	0	0	221.366
0008nocwater	68	0008noc	0	2	1	1	water	2.89	abs	1	1	1	1	1	1	1	209.755	36.233	140.531	33.089	0	0	0	0	0	0	0	0	0	0	0	0	0	0	0	0	0	0	0	0	0	0	0	0	0	0	0	245.988
0010metwater	127	0010met	0	2	1	2	water	2.32	abs	1	1	1	1	1	1	1	119.387	25.115	80.031	16.769	0	0	0	0	0	0	0	0	0	0	0	0	0	0	0	0	0	0	0	0	0	0	0	0	0	0	0	144.502
0011dimwater	130	0011dim	0	2	1	2	water	2.50	abs	1	1	1	1	1	1	1	135.151	27.553	90.594	16.745	0	0	0	0	0	0	0	0	0	0	0	0	0	0	0	0	0	0	0	0	0	0	0	0	0	0	0	162.704
0012metwater	133	0012met	0	2	1	2	water	2.52	abs	1	1	1	1	1	1	1	157.578	30.541	105.629	23.148	0	0	0	0	0	0	0	0	0	0	0	0	0	0	0	0	0	0	0	0	0	0	0	0	0	0	0	188.119
0013dimwater	135	0013dim	0	2	1	2	water	2.88	abs	1	1	1	1	1	1	1	173.593	33.89	116.347	23.437	0	0	0	0	0	0	0	0	0	0	0	0	0	0	0	0	0	0	0	0	0	0	0	0	0	0	0	207.483
0014triwater	137	0014tri	0	2	1	2	water	2.85	abs	1	1	1	1	1	1	1	184.679	35.557	123.791	23.136	0	0	0	0	0	0	0	0	0	0	0	0	0	0	0	0	0	0	0	0	0	0	0	0	0	0	0	220.237
0016cycwater	139	0016cyc	0	2	1	3	water	0.75	abs	1	1	1	1	1	1	1	77.972	31.633	52.621	39.117	0	0	0	0	0	0	0	0	0	0	0	0	0	0	0	0	0	0	0	0	0	0	0	0	0	0	0	109.605
0017cycwater	142	0017cyc	0	2	1	3	water	1.20	abs	1	1	1	1	1	1	1	125.857	25.157	84.459	30.177	0	0	0	0	0	0	0	0	0	0	0	0	0	0	0	0	0	0	0	0	0	0	0	0	0	0	0	151.014
0018cycwater	145	0018cyc	0	2	1	3	water	1.23	abs	1	1	1	1	1	1	1	144.387	24.048	96.751	29.172	0	0	0	0	0	0	0	0	0	0	0	0	0	0	0	0	0	0	0	0	0	0	0	0	0	0	0	168.435
0019metwater	152	0019met	0	2	1	3	water	1.71	abs	1	1	1	1	1	1	1	162.912	26.936	109.148	28.364	0	0	0	0	0	0	0	0	0	0	0	0	0	0	0	0	0	0	0	0	0	0	0	0	0	0	0	189.848
0020ciswater	156	0020cis	0	2	1	3	water	1.58	abs	1	1	1	1	1	1	1	174.295	29.659	116.807	28.204	0	0	0	0	0	0	0	0	0	0	0	0	0	0	0	0	0	0	0	0	0	0	0	0	0	0	0	203.954
0021ethwater	157	0021eth	0	2	1	4	water	1.27	abs	1	1	1	1	1	1	1	52.075	35.67	35.111	24.656	0.122	0	0	0	0	0	0	0	0	0	0	0	0	0	0	0	0	0	0	0	0	0	0	0	0	0	0	87.745
0022prowater	160	0022pro	0	2	1	4	water	1.27	abs	1	1	1	1	1	1	1	75.667	37.811	50.851	31.897	0.04	0	0	0	0	0	0	0	0	0	0	0	0	0	0	0	0	0	0	0	0	0	0	0	0	0	0	113.478
0023strwater	164	0023str	0	2	1	4	water	0.61	abs	1	1	1	1	1	1	1	73.977	55.09	49.856	51.081	0	0	0	0	0	0	0	0	0	0	0	0	0	0	0	0	0	0	0	0	0	0	0	0	0	0	0	129.067
0024metwater	167	0024met	0	2	1	4	water	1.16	abs	1	1	1	1	1	1	1	95.926	40.512	64.386	33.544	0.007	0	0	0	0	0	0	0	0	0	0	0	0	0	0	0	0	0	0	0	0	0	0	0	0	0	0	136.438
0025butawater	170	0025buta	0	2	1	4	water	1.38	abs	1	1	1	1	1	1	1	96.695	38.957	64.937	34.869	0.027	0	0	0	0	0	0	0	0	0	0	0	0	0	0	0	0	0	0	0	0	0	0	0	0	0	0	135.653
0026cycwater	175	0026cyc	0	2	1	4	water	0.56	abs	1	1	1	1	1	1	1	102.17	39.949	68.634	50.589	0.002	0	0	0	0	0	0	0	0	0	0	0	0	0	0	0	0	0	0	0	0	0	0	0	0	0	0	142.120
0027penwater	176	0027pen	0	2	1	4	water	1.66	abs	1	1	1	1	1	1	1	118.256	41.842	79.371	37.825	0.021	0	0	0	0	0	0	0	0	0	0	0	0	0	0	0	0	0	0	0	0	0	0	0	0	0	0	160.098
0028Epewater	179	0028Epe	0	2	1	4	water	1.34	abs	1	1	1	1	1	1	1	122.418	42.11	82.112	41.504	0.008	0	0	0	0	0	0	0	0	0	0	0	0	0	0	0	0	0	0	0	0	0	0	0	0	0	0	164.528
0029hexwater	181	0029hex	0	2	1	4	water	1.68	abs	1	1	1	1	1	1	1	143.267	44.981	96.134	40.994	0.03	0	0	0	0	0	0	0	0	0	0	0	0	0	0	0	0	0	0	0	0	0	0	0	0	0	0	188.248
0030ethwater	184	0030eth	0	2	1	5	water	-0.01	abs	1	1	1	1	1	1	1	25.474	52.853	17.364	38.347	31.473	0	0	0	0	0	0	0	0	0	0	0	0	0	0	0	0	0	0	0	0	0	0	0	0	0	0	78.327
0031prowater	187	0031pro	0	2	1	5	water	-0.31	abs	1	1	1	1	1	1	1	51.526	53.698	34.696	49.116	25.744	0	0	0	0	0	0	0	0	0	0	0	0	0	0	0	0	0	0	0	0	0	0	0	0	0	0	105.224
0032butwater	190	0032but	0	2	1	5	water	-0.16	abs	1	1	1	1	1	1	1	76.094	55.177	51.185	50.885	24.427	0	0	0	0	0	0	0	0	0	0	0	0	0	0	0	0	0	0	0	0	0	0	0	0	0	0	131.271
0033penwater	192	0033pen	0	2	1	5	water	0.01	abs	1	1	1	1	1	1	1	97.737	56.119	65.675	52.027	22.986	0	0	0	0	0	0	0	0	0	0	0	0	0	0	0	0	0	0	0	0	0	0	0	0	0	0	153.856
0034hexwater	195	0034hex	0	2	1	5	water	0.29	abs	1	1	1	1	1	1	1	119.973	60.435	80.556	57.388	24.368	0	0	0	0	0	0	0	0	0	0	0	0	0	0	0	0	0	0	0	0	0	0	0	0	0	0	180.408
0035benwater	198	0035ben	0	2	1	6	water	-0.87	abs	1	1	1	1	1	1	1	77.997	65.421	52.629	87.566	0	0	0	0	0	0	0	0	0	0	0	0	0	0	0	0	0	0	0	0	0	0	0	0	0	0	0	143.418
0036tolwater	217	0036tol	0	2	1	6	water	-0.89	abs	1	1	1	1	1	1	1	99.284	67.916	66.827	87.744	0	0	0	0	0	0	0	0	0	0	0	0	0	0	0	0	0	0	0	0	0	0	0	0	0	0	0	167.200
0037ethwater	278	0037eth	0	2	1	6	water	-0.80	abs	1	1	1	1	1	1	1	122.558	68.987	82.439	87.835	0	0	0	0	0	0	0	0	0	0	0	0	0	0	0	0	0	0	0	0	0	0	0	0	0	0	0	191.545
0038oxywater	294	0038oxy	0	2	1	6	water	-0.90	abs	1	1	1	1	1	1	1	115.622	70.161	77.717	88.827	0	0	0	0	0	0	0	0	0	0	0	0	0	0	0	0	0	0	0	0	0	0	0	0	0	0	0	185.783
0039mxywater	303	0039mxy	0	2	1	6	water	-0.84	abs	1	1	1	1	1	1	1	120.537	70.427	81.004	87.933	0	0	0	0	0	0	0	0	0	0	0	0	0	0	0	0	0	0	0	0	0	0	0	0	0	0	0	190.965
0040pxywater	313	0040pxy	0	2	1	6	water	-0.81	abs	1	1	1	1	1	1	1	120.802	70.336	81.176	87.809	0	0	0	0	0	0	0	0	0	0	0	0	0	0	0	0	0	0	0	0	0	0	0	0	0	0	0	191.138
0041napwater	318	0041nap	0	2	1	6	water	-2.39	abs	1	1	1	1	1	1	1	99.309	96.185	66.989	135.836	0	0	0	0	0	0	0	0	0	0	0	0	0	0	0	0	0	0	0	0	0	0	0	0	0	0	0	195.494
0042antwater	329	0042ant	0	2	1	6	water	-4.23	abs	1	1	1	1	1	1	1	120.578	126.955	81.326	184.032	0	0	0	0	0	0	0	0	0	0	0	0	0	0	0	0	0	0	0	0	0	0	0	0	0	0	0	247.533
0044metwater	340	0044met	0	2	2	1	water	-5.11	abs	1	1	1	1	1	1	1	53.165	11.485	26.406	0	0	20.246	9.707	0	0	0	0	0	0	0	0	0	0	0	0	0	0	0	0	0	0	0	0	0	0	0	0	84.895
0045ethwater	369	0045eth	0	2	2	1	water	-5.01	abs	1	1	1	1	1	1	1	77.851	14.663	42.945	9.007	0	18.355	9.73	0	0	0	0	0	0	0	0	0	0	0	0	0	0	0	0	0	0	0	0	0	0	0	0	110.869
0046ethwater	434	0046eth	0	2	2	1	water	-9.30	abs	1	1	1	1	1	1	1	72.019	11.172	34.213	6.809	0	35.918	14.782	0	0.001	0	0	0	0	0	0	0	0	0	0	0	0	0	0	0	0	0	0	0	0	0	0	119.109
0047prowater	442	0047pro	0	2	2	1	water	-4.83	abs	1	1	1	1	1	1	1	100.062	17.286	57.813	12.844	0	18.261	9.732	0	0	0	0	0	0	0	0	0	0	0	0	0	0	0	0	0	0	0	0	0	0	0	0	135.609
0048prowater	472	0048pro	0	2	2	1	water	-4.76	abs	1	1	1	1	1	1	1	96.764	18.328	57.232	12.188	0	18.337	8.08	0	0	0	0	0	0	0	0	0	0	0	0	0	0	0	0	0	0	0	0	0	0	0	0	133.429
0049butwater	481	0049but	0	2	2	1	water	-4.72	abs	1	1	1	1	1	1	1	122.139	19.897	72.593	16.033	0	18.279	9.731	0	0	0	0	0	0	0	0	0	0	0	0	0	0	0	0	0	0	0	0	0	0	0	0	160.315
0050metwater	511	0050met	0	2	2	1	water	-4.51	abs	1	1	1	1	1	1	1	115.387	21.801	69.886	13.296	0	16.239	7.92	0	0	0	0	0	0	0	0	0	0	0	0	0	0	0	0	0	0	0	0	0	0	0	0	153.428
0051cycwater	519	0051cyc	0	2	2	1	water	-5.49	abs	1	1	1	1	1	1	1	119.055	21.651	73.81	25.955	0	18.192	6.442	0	0	0	0	0	0	0	0	0	0	0	0	0	0	0	0	0	0	0	0	0	0	0	0	158.898
0052penwater	522	0052pen	0	2	2	1	water	-4.47	abs	1	1	1	1	1	1	1	142.546	22.79	87.018	19.513	0	19.297	8.949	0	0	0	0	0	0	0	0	0	0	0	0	0	0	0	0	0	0	0	0	0	0	0	0	184.634
0053phewater	624	0053phe	0	2	2	2	water	-6.62	abs	1	1	1	1	1	1	1	75.019	60.627	42.588	81.14	0	18.752	8.415	0	3.383	0	0	0	0	0	0	0	0	0	0	0	0	0	0	0	0	0	0	0	0	0	0	154.398
0054hexwater	552	0054hex	0	2	2	1	water	-4.36	abs	1	1	1	1	1	1	1	164.428	25.524	101.677	22.829	0	19.305	8.94	0	0	0	0	0	0	0	0	0	0	0	0	0	0	0	0	0	0	0	0	0	0	0	0	209.256
0055ocrwater	665	0055ocr	0	2	2	2	water	-5.87	abs	1	1	1	1	1	1	1	96.641	63.55	57.006	82.367	0	15.809	8.432	0	2.597	0	0	0	0	0	0	0	0	0	0	0	0	0	0	0	0	0	0	0	0	0	0	176.000
0056mcrwater	691	0056mcr	0	2	2	2	water	-5.49	abs	1	1	1	1	1	1	1	96.556	62.96	56.98	81.185	0	18.769	8.391	0	3.328	0	0	0	0	0	0	0	0	0	0	0	0	0	0	0	0	0	0	0	0	0	0	178.285
0057pcrwater	710	0057pcr	0	2	2	2	water	-6.14	abs	1	1	1	1	1	1	1	96.923	62.823	57.178	81.037	0	18.788	8.43	0	3.266	0	0	0	0	0	0	0	0	0	0	0	0	0	0	0	0	0	0	0	0	0	0	178.534
0058hepwater	582	0058hep	0	2	2	1	water	-4.24	abs	1	1	1	1	1	1	1	186.336	28.243	116.338	26.142	0	19.301	8.948	0	0	0	0	0	0	0	0	0	0	0	0	0	0	0	0	0	0	0	0	0	0	0	0	233.881
0060dimwater	737	0060dim	0	2	3	0	water	-1.92	abs	1	1	1	1	1	1	1	74.438	20.657	49.828	0	0	14.957	0	0	0	0	0	0	0	0	0	0	0	0	0	0	0	0	0	0	0	0	0	0	0	0	0	110.052
0061tetwater	740	0061tet	0	2	3	0	water	-3.47	abs	1	1	1	1	1	1	1	101.978	22.641	68.423	20.068	0	15.311	0	0	0	0	0	0	0	0	0	0	0	0	0	0	0	0	0	0	0	0	0	0	0	0	0	139.930
0062diowater	744	0062dio	0	2	3	0	water	-5.05	abs	1	1	1	1	1	1	1	97.241	21.072	65.158	12.884	0	28.835	0	0	0	0	0	0	0	0	0	0	0	0	0	0	0	0	0	0	0	0	0	0	0	0	0	147.149
0063diewater	795	0063die	0	2	3	0	water	-1.76	abs	1	1	1	1	1	1	1	115.999	27.982	77.807	17.076	0	12.814	0	0	0	0	0	0	0	0	0	0	0	0	0	0	0	0	0	0	0	0	0	0	0	0	0	156.795
0064metwater	801	0064met	0	2	3	0	water	-1.66	abs	1	1	1	1	1	1	1	121.287	26.549	81.231	12.2	0	13.019	0	0	0	0	0	0	0	0	0	0	0	0	0	0	0	0	0	0	0	0	0	0	0	0	0	160.855
0065metwater	803	0065met	0	2	3	0	water	-2.01	abs	1	1	1	1	1	1	1	116.41	27.812	78.043	11.56	0	11.894	0	0	0	0	0	0	0	0	0	0	0	0	0	0	0	0	0	0	0	0	0	0	0	0	0	156.117
0066dimwater	805	0066dim	0	2	3	0	water	-4.84	abs	1	1	1	1	1	1	1	120.565	27.698	80.684	4.275	0	25.979	0	0	0	0	0	0	0	0	0	0	0	0	0	0	0	0	0	0	0	0	0	0	0	0	0	174.241
0067butwater	808	0067but	0	2	3	0	water	-2.21	abs	1	1	1	1	1	1	1	132.539	29.643	88.914	12.208	0	10.794	0	0	0	0	0	0	0	0	0	0	0	0	0	0	0	0	0	0	0	0	0	0	0	0	0	172.976
0068aniwater	810	0068ani	0	2	3	0	water	-2.45	abs	1	1	1	1	1	1	1	95.935	68.606	64.615	79.005	0	12.789	0	0	2.403	0	0	0	0	0	0	0	0	0	0	0	0	0	0	0	0	0	0	0	0	0	0	177.331
0070ethwater	846	0070eth	0	2	4	1	water	-3.50	abs	1	1	1	1	1	1	1	51.549	23.363	34.501	14.48	0	26.151	0	0	16.459	0	0	0	0	0	0	0	0	0	0	0	0	0	0	0	0	0	0	0	0	0	0	101.062
0071proawater	850	0071proa	0	2	4	1	water	-3.44	abs	1	1	1	1	1	1	1	75.51	25.714	50.563	18.707	0	23.472	0	0	14.734	0	0	0	0	0	0	0	0	0	0	0	0	0	0	0	0	0	0	0	0	0	0	124.696
0072butwater	854	0072but	0	2	4	1	water	-3.18	abs	1	1	1	1	1	1	1	97.105	27.853	65.023	21.666	0	26.14	0	0	16.443	0	0	0	0	0	0	0	0	0	0	0	0	0	0	0	0	0	0	0	0	0	0	151.098
0073penwater	859	0073pen	0	2	4	1	water	-3.03	abs	1	1	1	1	1	1	1	119.739	30.948	80.167	24.828	0	23.394	0	0	14.677	0	0	0	0	0	0	0	0	0	0	0	0	0	0	0	0	0	0	0	0	0	0	174.081
0074benwater	862	0074ben	0	2	4	1	water	-4.02	abs	1	1	1	1	1	1	1	72.886	71.702	49.067	90.678	0	23.948	0	0	14.903	0	0	0	0	0	0	0	0	0	0	0	0	0	0	0	0	0	0	0	0	0	0	168.536
0075prowater	874	0075pro	0	2	4	2	water	-3.85	abs	1	1	1	1	1	1	1	74.149	26.466	49.75	20.697	0	25.101	0	0	15.67	0	0	0	0	0	0	0	0	0	0	0	0	0	0	0	0	0	0	0	0	0	0	125.716
0076butwater	896	0076but	0	2	4	2	water	-3.64	abs	1	1	1	1	1	1	1	97.713	29.033	65.54	24.46	0	22.296	0	0	13.876	0	0	0	0	0	0	0	0	0	0	0	0	0	0	0	0	0	0	0	0	0	0	149.043
0077cycwater	956	0077cyc	0	2	4	2	water	-4.68	abs	1	1	1	1	1	1	1	101.853	26.725	68.342	32.312	0	26.258	0	0	16.602	0	0	0	0	0	0	0	0	0	0	0	0	0	0	0	0	0	0	0	0	0	0	154.836
0078penwater	960	0078pen	0	2	4	2	water	-3.53	abs	1	1	1	1	1	1	1	119.976	31.625	80.439	27.317	0	22.197	0	0	13.805	0	0	0	0	0	0	0	0	0	0	0	0	0	0	0	0	0	0	0	0	0	0	173.799
0079penwater	984	0079pen	0	2	4	2	water	-3.41	abs	1	1	1	1	1	1	1	121.281	31.64	81.335	28.233	0	19.529	0	0	12.114	0	0	0	0	0	0	0	0	0	0	0	0	0	0	0	0	0	0	0	0	0	0	172.449
0080hexwater	988	0080hex	0	2	4	2	water	-3.29	abs	1	1	1	1	1	1	1	141.891	34.312	95.111	30.586	0	22.213	0	0	13.815	0	0	0	0	0	0	0	0	0	0	0	0	0	0	0	0	0	0	0	0	0	0	198.416
0081dimwater	1013	0081dim	0	2	4	2	water	-2.89	abs	1	1	1	1	1	1	1	129.896	32.47	87.147	22.526	0	21.851	0	0	13.565	0	0	0	0	0	0	0	0	0	0	0	0	0	0	0	0	0	0	0	0	0	0	184.217
0082hepwater	1035	0082hep	0	2	4	2	water	-3.04	abs	1	1	1	1	1	1	1	163.76	37.032	109.752	33.896	0	22.217	0	0	13.819	0	0	0	0	0	0	0	0	0	0	0	0	0	0	0	0	0	0	0	0	0	0	223.010
0083hepwater	1058	0083hep	0	2	4	2	water	-2.93	abs	1	1	1	1	1	1	1	165.783	36.805	111.118	33.958	0	19.34	0	0	11.982	0	0	0	0	0	0	0	0	0	0	0	0	0	0	0	0	0	0	0	0	0	0	221.928
0084metwater	1060	0084met	0	2	4	2	water	-4.58	abs	1	1	1	1	1	1	1	93.537	74	62.993	95.75	0	22.295	0	0	13.715	0	0	0	0	0	0	0	0	0	0	0	0	0	0	0	0	0	0	0	0	0	0	189.832
0085nonwater	1073	0085non	0	2	4	2	water	-2.67	abs	1	1	1	1	1	1	1	209.614	42.184	140.461	40.496	0	19.361	0	0	11.997	0	0	0	0	0	0	0	0	0	0	0	0	0	0	0	0	0	0	0	0	0	0	271.158
0086ethwater	1081	0086eth	0	2	5	0	water	-6.70	abs	1	1	1	1	1	1	1	50.645	18.301	25.433	11.365	0	43.703	9.008	0	19.85	0	0	0	0	0	0	0	0	0	0	0	0	0	0	0	0	0	0	0	0	0	0	112.649
0087prowater	1116	0087pro	0	2	5	0	water	-6.47	abs	1	1	1	1	1	1	1	74.581	20.721	41.455	15.22	0	41.188	9.019	0	18.38	0	0	0	0	0	0	0	0	0	0	0	0	0	0	0	0	0	0	0	0	0	0	136.490
0088butwater	1147	0088but	0	2	5	0	water	-6.36	abs	1	1	1	1	1	1	1	96.874	23.247	56.376	18.07	0	41.097	9.013	0	18.293	0	0	0	0	0	0	0	0	0	0	0	0	0	0	0	0	0	0	0	0	0	0	161.219
0089penwater	1170	0089pen	0	2	5	0	water	-6.16	abs	1	1	1	1	1	1	1	118.789	25.93	71.046	21.327	0	41.111	9.017	0	18.282	0	0	0	0	0	0	0	0	0	0	0	0	0	0	0	0	0	0	0	0	0	0	185.830
0090hexwater	1188	0090hex	0	2	5	0	water	-6.21	abs	1	1	1	1	1	1	1	140.674	28.662	85.698	24.644	0	41.11	9.018	0	18.282	0	0	0	0	0	0	0	0	0	0	0	0	0	0	0	0	0	0	0	0	0	0	210.446
0091metwater	1206	0091met	0	2	6	0	water	-2.78	abs	1	1	1	1	1	1	1	49.809	24.36	33.45	0	0	37.711	0	0	18.7	0	0	0	0	0	0	0	0	0	0	0	0	0	0	0	0	0	0	0	0	0	0	111.881
0092ethbwater	1209	0092ethb	0	2	6	0	water	-2.65	abs	1	1	1	1	1	1	1	74.514	27.513	49.999	8.316	0	35.852	0	0	18.211	0	0	0	0	0	0	0	0	0	0	0	0	0	0	0	0	0	0	0	0	0	0	137.880
0093metwater	1211	0093met	0	2	6	0	water	-3.32	abs	1	1	1	1	1	1	1	74.453	27.769	50.026	10.88	0	35.33	0	0	17.087	0	0	0	0	0	0	0	0	0	0	0	0	0	0	0	0	0	0	0	0	0	0	137.552
0094metwater	1242	0094met	0	2	6	0	water	-2.93	abs	1	1	1	1	1	1	1	98.35	30.222	66.032	14.747	0	32.8	0	0	15.584	0	0	0	0	0	0	0	0	0	0	0	0	0	0	0	0	0	0	0	0	0	0	161.371
0095ethwater	1270	0095eth	0	2	6	0	water	-3.10	abs	1	1	1	1	1	1	1	99.138	30.964	66.566	19.145	0	33.456	0	0	16.666	0	0	0	0	0	0	0	0	0	0	0	0	0	0	0	0	0	0	0	0	0	0	163.557
0096metwater	1302	0096met	0	2	6	0	water	-2.83	abs	1	1	1	1	1	1	1	120.638	32.759	80.949	17.601	0	32.718	0	0	15.51	0	0	0	0	0	0	0	0	0	0	0	0	0	0	0	0	0	0	0	0	0	0	186.115
0097prowater	1305	0097pro	0	2	6	0	water	-2.86	abs	1	1	1	1	1	1	1	121.725	33.338	81.689	22.842	0	33.382	0	0	16.651	0	0	0	0	0	0	0	0	0	0	0	0	0	0	0	0	0	0	0	0	0	0	188.446
0098metwater	1335	0098met	0	2	6	0	water	-2.57	abs	1	1	1	1	1	1	1	142.577	35.429	95.635	20.85	0	32.726	0	0	15.509	0	0	0	0	0	0	0	0	0	0	0	0	0	0	0	0	0	0	0	0	0	0	210.732
0099butwater	1364	0099but	0	2	6	0	water	-2.55	abs	1	1	1	1	1	1	1	143.726	35.986	96.416	26.055	0	33.395	0	0	16.656	0	0	0	0	0	0	0	0	0	0	0	0	0	0	0	0	0	0	0	0	0	0	213.108
0100metwater	1395	0100met	0	2	6	0	water	-2.49	abs	1	1	1	1	1	1	1	164.441	38.162	110.274	24.166	0	32.732	0	0	15.514	0	0	0	0	0	0	0	0	0	0	0	0	0	0	0	0	0	0	0	0	0	0	235.335
0101penwater	1418	0101pen	0	2	6	0	water	-2.45	abs	1	1	1	1	1	1	1	165.592	38.711	111.055	29.369	0	33.395	0	0	16.656	0	0	0	0	0	0	0	0	0	0	0	0	0	0	0	0	0	0	0	0	0	0	237.697
0103ethwater	1521	0103eth	0	3	1	0	water	-4.50	abs	1	1	1	1	1	1	1	89.122	14.13	42.372	8.57	0	0	0	0	0	0	0	12.787	17.957	0	1.949	40.17	0	0	0	0	0	0	0	0	0	0	0	0	0	0	0	116.039
0104dimwater	1550	0104dim	0	3	1	0	water	-4.29	abs	1	1	1	1	1	1	1	87.914	18.89	50.23	0	0	0	0	0	0	0	0	9.052	8.939	0	7.742	76.507	0	0	0	0	0	0	0	0	0	0	0	0	0	0	0	115.856
0105azewater	1560	0105aze	0	3	1	0	water	-5.56	abs	1	1	1	1	1	1	1	91.727	22.52	52.423	17.77	0	0	0	0	0	0	0	10.836	9.453	0	5.965	80.953	0	0	0	0	0	0	0	0	0	0	0	0	0	0	0	125.083
0106prowater	1561	0106pro	0	3	1	0	water	-4.39	abs	1	1	1	1	1	1	1	111.116	16.825	57.156	12.574	0	0	0	0	0	0	0	12.779	17.897	0	1.572	40.079	0	0	0	0	0	0	0	0	0	0	0	0	0	0	0	140.719
0107triwater	1589	0107tri	0	3	1	0	water	-3.23	abs	1	1	1	1	1	1	1	105.59	25.002	70.666	0	0	0	0	0	0	0	0	6.263	0	0	10.318	89.993	0	0	0	0	0	0	0	0	0	0	0	0	0	0	0	136.856
0108pyrwater	1604	0108pyr	0	3	1	0	water	-5.48	abs	1	1	1	1	1	1	1	113.002	21.218	67.617	19.062	0	0	0	0	0	0	0	10.224	8.488	0	4.197	77.801	0	0	0	0	0	0	0	0	0	0	0	0	0	0	0	144.444
0109pipwater	1605	0109pip	0	3	1	0	water	-7.40	abs	1	1	1	1	1	1	1	123.658	17.997	65.356	10.982	0	0	0	0	0	0	0	15.78	18.051	0	7.317	122.678	0	0	0	0	0	0	0	0	0	0	0	0	0	0	0	157.436
0110butwater	1608	0110but	0	3	1	0	water	-4.29	abs	1	1	1	1	1	1	1	133.115	19.498	71.884	15.837	0	0	0	0	0	0	0	12.787	17.896	0	1.576	40.1	0	0	0	0	0	0	0	0	0	0	0	0	0	0	0	165.400
0111diewater	1639	0111die	0	3	1	0	water	-4.07	abs	1	1	1	1	1	1	1	126.328	25.249	77.327	15.26	0	0	0	0	0	0	0	7.945	7.627	0	3.437	61.71	0	0	0	0	0	0	0	0	0	0	0	0	0	0	0	159.522
0112Nmewater	1657	0112Nme	0	3	1	0	water	-7.77	abs	1	1	1	1	1	1	1	141.538	23.937	85.993	9.523	0	0	0	0	0	0	0	13.201	9.033	0	9.817	133.353	0	0	0	0	0	0	0	0	0	0	0	0	0	0	0	178.675
0113penwater	1658	0113pen	0	3	1	0	water	-4.10	abs	1	1	1	1	1	1	1	154.984	22.228	86.52	19.161	0	0	0	0	0	0	0	12.783	17.903	0	1.575	40.086	0	0	0	0	0	0	0	0	0	0	0	0	0	0	0	189.995
0114NNdwater	1661	0114NNd	0	3	1	0	water	-7.58	abs	1	1	1	1	1	1	1	159.508	29.892	106.71	8.056	0	0	0	0	0	0	0	10.615	0	0	12.316	144.63	0	0	0	0	0	0	0	0	0	0	0	0	0	0	0	200.015
0115dipwater	1662	0115dip	0	3	1	0	water	-3.66	abs	1	1	1	1	1	1	1	169.612	31.526	106.292	23.184	0	0	0	0	0	0	0	7.719	7.656	0	2.811	59.89	0	0	0	0	0	0	0	0	0	0	0	0	0	0	0	208.857
0116pyrwater	1758	0116pyr	0	3	3	1	water	-4.70	abs	1	1	1	1	1	1	1	65.004	57.438	43.859	60.692	0	0	0	0	0	0	0	14.564	0	0	11.424	47.374	0	0	0	0	0	0	0	0	0	0	0	0	0	0	0	137.005
0117metwater	1826	0117met	0	3	3	2	water	-5.57	abs	1	1	1	1	1	1	1	74.953	52.218	50.424	38.503	0	0	0	0	0	0	0	28.169	0	0	20.126	89.684	0	0	0	0	0	0	0	0	0	0	0	0	0	0	0	155.339
0118aniwater	1690	0118ani	0	3	2	0	water	-5.49	abs	1	1	1	1	1	1	1	88.539	59.891	42.371	80.111	0	0	0	0	0	0	0	11.429	17.887	0	2.898	14.179	0	0	0	0	0	0	0	0	0	0	0	0	0	0	0	159.859
0119metwater	1777	0119met	0	3	3	1	water	-4.63	abs	1	1	1	1	1	1	1	87.737	60.636	59.063	65.988	0	0	0	0	0	0	0	13.258	0	0	8.708	41.007	0	0	0	0	0	0	0	0	0	0	0	0	0	0	0	161.631
0120metwater	1785	0120met	0	3	3	1	water	-4.77	abs	1	1	1	1	1	1	1	87.019	59.618	58.541	60.878	0	0	0	0	0	0	0	14.531	0	0	11.182	47.241	0	0	0	0	0	0	0	0	0	0	0	0	0	0	0	161.168
0121metwater	1790	0121met	0	3	3	1	water	-4.94	abs	1	1	1	1	1	1	1	86.744	59.656	58.363	60.468	0	0	0	0	0	0	0	14.627	0	0	11.396	47.631	0	0	0	0	0	0	0	0	0	0	0	0	0	0	0	161.027
0122Nmewater	1749	0122Nme	0	3	2	0	water	-4.68	abs	1	1	1	1	1	1	1	107.769	67.754	64.622	78.556	0	0	0	0	0	0	0	6.774	8.188	0	6.559	38.3	0	0	0	0	0	0	0	0	0	0	0	0	0	0	0	182.298
0123dimwater	1796	0123dim	0	3	3	1	water	-4.86	abs	1	1	1	1	1	1	1	109.375	62.902	73.499	65.804	0	0	0	0	0	0	0	13.323	0	0	8.688	41.251	0	0	0	0	0	0	0	0	0	0	0	0	0	0	0	185.600
0124dimwater	1798	0124dim	0	3	3	1	water	-4.72	abs	1	1	1	1	1	1	1	109.897	62.76	73.838	66.116	0	0	0	0	0	0	0	13.25	0	0	8.442	40.953	0	0	0	0	0	0	0	0	0	0	0	0	0	0	0	185.907
0125dimwater	1800	0125dim	0	3	3	1	water	-4.60	abs	1	1	1	1	1	1	1	110.49	63.838	74.284	71.26	0	0	0	0	0	0	0	11.941	0	0	6.001	35.026	0	0	0	0	0	0	0	0	0	0	0	0	0	0	0	186.269
0126ethwater	1836	0126eth	0	3	4	0	water	-3.89	abs	1	1	1	1	1	1	1	38.677	30.473	25.954	19.606	0	0	0	0	0	0	0	27.746	0	0	10.968	5.933	0	17.14	0	0	0	0	0	0	0	0	0	0	0	0	0	96.895
0127prowater	1844	0127pro	0	3	4	0	water	-3.85	abs	1	1	1	1	1	1	1	63.325	31.894	42.495	22.897	0	0	0	0	0	0	0	27.751	0	0	9.823	5.889	0	17.105	0	0	0	0	0	0	0	0	0	0	0	0	0	122.971
0128butbwater	1847	0128butb	0	3	4	0	water	-3.64	abs	1	1	1	1	1	1	1	85.203	32.77	57.143	25.534	0	0	0	0	0	0	0	27.728	0	0	8.507	5.883	0	17.071	0	0	0	0	0	0	0	0	0	0	0	0	0	145.701
0129benwater	1850	0129ben	0	3	4	0	water	-4.10	abs	1	1	1	1	1	1	1	63.493	76.251	42.858	93.818	0	0	0	0	0	0	0	27.77	0	0	9.415	6.24	0	16.989	0	0	0	0	0	0	0	0	0	0	0	0	0	167.514
0130nitwater	1960	0130nit	0	4	2	0	water	-3.71	abs	1	1	1	1	1	1	1	61.351	13.634	41.219	8.421	0	50.914	0	0	0	0	0	4.26	0	0	1.88	13.038	0	0	30.53	0	0	0	0	0	0	0	0	0	0	0	0	130.159
0131nitwater	1965	0131nit	0	4	2	0	water	-3.34	abs	1	1	1	1	1	1	1	84.089	15.97	56.443	11.731	0	50.802	0	0	0	0	0	4.257	0	0	1.405	13.008	0	0	30.457	0	0	0	0	0	0	0	0	0	0	0	0	155.117
0132nitwater	1974	0132nit	0	4	2	0	water	-3.14	abs	1	1	1	1	1	1	1	82.029	17.359	55.085	11.548	0	48.338	0	0	0	0	0	3.605	0	0	0.536	10.031	0	0	28.965	0	0	0	0	0	0	0	0	0	0	0	0	151.331
0133nitwater	1977	0133nit	0	4	2	0	water	-3.08	abs	1	1	1	1	1	1	1	106.008	18.62	71.116	14.952	0	50.832	0	0	0	0	0	4.258	0	0	1.405	13.012	0	0	30.473	0	0	0	0	0	0	0	0	0	0	0	0	179.717
0134nitwater	1981	0134nit	0	4	2	0	water	-4.12	abs	1	1	1	1	1	1	1	59.205	60.078	39.986	80.499	0	48.76	0	0	0	0	0	4.253	0	0	2.687	5.06	0	0	29.167	0	0	0	0	0	0	0	0	0	0	0	0	172.297
0135metwater	1993	0135met	0	4	2	0	water	-3.59	abs	1	1	1	1	1	1	1	79.226	62.718	53.378	81.571	0	44.473	0	0	0	0	0	4.251	0	0	2.702	4.971	0	0	26.578	0	0	0	0	0	0	0	0	0	0	0	0	190.668
0136metwater	2349	0136met	0	10	1	0	water	-1.24	abs	1	1	1	1	1	1	1	52.514	10.758	25.904	0	0	0	0	0	0	0	0	0	0	0	0	0	0	0	0	0	0	0	35.446	10.756	0	0	0	0	0	0	0	98.719
0137ethbwater	2350	0137ethb	0	10	1	0	water	-1.30	abs	1	1	1	1	1	1	1	76.009	13.929	42.109	8.518	0	0	0	0	0	0	0	0	0	0	0	0	0	0	0	0	0	0	33.951	10.507	0	0	0	0	0	0	0	123.889
0138prowater	2353	0138pro	0	10	1	0	water	-1.05	abs	1	1	1	1	1	1	1	98.309	16.42	57.068	12.26	0	0	0	0	0	0	0	0	0	0	0	0	0	0	0	0	0	0	33.894	10.412	0	0	0	0	0	0	0	148.622
0139thiwater	2358	0139thi	0	10	1	0	water	-2.55	abs	1	1	1	1	1	1	1	73.934	59.145	41.876	79.171	0	0	0	0	0	0	0	0	0	0	0	0	0	0	0	0	0	0	33.817	9.01	0	0	0	0	0	0	0	166.896
0140dimwater	2363	0140dim	0	10	2	0	water	-1.54	abs	1	1	1	1	1	1	1	74.736	19.297	50.183	0	0	0	0	0	0	0	0	0	0	0	0	0	0	0	0	0	0	0	29.779	0.251	0	0	0	0	0	0	0	123.812
0141dimwater	2381	0141dim	0	10	3	0	water	-1.83	abs	1	1	1	1	1	1	1	73.122	19.808	49.132	0	0	0	0	0	0	0	0	0	0	0	0	0	0	0	0	0	0	0	56.408	0.184	41.55	0	0	0	0	0	0	149.339
0142diewater	2365	0142die	0	10	2	0	water	-1.43	abs	1	1	1	1	1	1	1	122.965	26.192	82.524	15.963	0	0	0	0	0	0	0	0	0	0	0	0	0	0	0	0	0	0	24.964	0	0	0	0	0	0	0	0	174.121
0143dipwater	2369	0143dip	0	10	2	0	water	-1.27	abs	1	1	1	1	1	1	1	167.65	31.259	112.44	23.319	0	0	0	0	0	0	0	0	0	0	0	0	0	0	0	0	0	0	24.766	0	0	0	0	0	0	0	0	223.675
0144thiwater	2371	0144thi	0	10	2	0	water	-2.73	abs	1	1	1	1	1	1	1	94.315	66.88	63.547	78.008	0	0	0	0	0	0	0	0	0	0	0	0	0	0	0	0	0	0	27.566	0.389	0	0	0	0	0	0	0	188.761
0145prowater	1492	0145pro	0	2	9	0	water	-5.08	abs	1	1	1	1	1	1	1	74.896	31.828	41.756	27.105	0.03	19.522	9.031	0	0	0	0	0	0	0	0	0	0	0	0	0	0	0	0	0	0	0	0	0	0	0	0	126.246
0146metwater	1497	0146met	0	2	9	0	water	-6.77	abs	1	1	1	1	1	1	1	97.869	18.665	56.913	5.072	0	32.194	9.084	0	0	0	0	0	0	0	0	0	0	0	0	0	0	0	0	0	0	0	0	0	0	0	0	148.727
0147metwater	2053	0147met	0	4	3	0	water	-6.55	abs	1	1	1	1	1	1	1	110.221	18.06	56.418	4.688	0	13.069	0	0	0	0	0	12.649	17.971	0	1.675	40.12	0	0	0	0	0	0	0	0	0	0	0	0	0	0	0	153.999
0148butwater	1503	0148but	0	2	9	0	water	0.04	abs	1	1	1	1	1	1	1	51.278	70.317	34.673	67.387	24.873	0	0	0	0	0	0	0	0	0	0	0	0	0	0	0	0	0	0	0	0	0	0	0	0	0	0	121.595
0149morwater	2054	0149mor	0	4	3	0	water	-7.17	abs	1	1	1	1	1	1	1	110.474	19.54	65.252	11.933	0	14.307	0	0	0	0	0	7.978	9.055	0	3.733	62.06	0	0	0	0	0	0	0	0	0	0	0	0	0	0	0	152.299
0150mhywater	1504	0150mhy	0	2	9	0	water	-9.51	abs	1	1	1	1	1	1	1	70.149	66.771	39.15	84.048	0	42.682	8.452	0	18.492	0	0	0	0	0	0	0	0	0	0	0	0	0	0	0	0	0	0	0	0	0	0	179.603
0151phywater	1510	0151phy	0	2	9	0	water	-10.48	abs	1	1	1	1	1	1	1	70.046	66.811	39.084	84.194	0	42.631	8.437	0	18.905	0	0	0	0	0	0	0	0	0	0	0	0	0	0	0	0	0	0	0	0	0	0	179.488
0153fluwater	2064	0153flu	0	5	1	0	water	-0.22	abs	1	1	1	1	1	1	1	39.484	13.113	26.466	0	0	0	0	0	0	0	0	0	0	0	0	0	0	0	0	26.201	0	0	0	0	0	0	0	0	0	0	0	78.797
0154difwater	2065	0154dif	0	5	1	0	water	-0.11	abs	1	1	1	1	1	1	1	50.87	12.532	34.167	7.784	0	0	0	0	0	0	0	0	0	0	0	0	0	0	0	48.05	0	0	0	0	0	0	0	0	0	0	0	111.452
0157fluwater	2074	0157flu	0	5	2	0	water	-0.78	abs	1	1	1	1	1	1	1	64.222	61.513	43.361	82.401	0	0	0	0	0	0	0	0	0	0	0	0	0	0	0	24.413	0	0	0	0	0	0	0	0	0	0	0	150.148
0160chlwater	2086	0160chl	0	6	1	0	water	-0.56	abs	1	1	1	1	1	1	1	38.57	11.582	25.962	0	0	0	0	0	0	0	0	0	0	0	0	0	0	0	0	0	41.611	0	0	0	0	0	0	0	0	0	0	91.763
0161dicwater	2087	0161dic	0	6	1	0	water	-1.36	abs	1	1	1	1	1	1	1	25.112	6.147	16.933	0	0	0	0	0	0	0	0	0	0	0	0	0	0	0	0	0	80.396	0	0	0	0	0	0	0	0	0	0	111.655
0162triwater	2092	0162tri	0	6	1	0	water	-1.07	abs	1	1	1	1	1	1	1	12.248	2.272	8.269	0	0	0	0	0	0	0	0	0	0	0	0	0	0	0	0	0	115.54	0	0	0	0	0	0	0	0	0	0	130.060
0163chlwater	2101	0163chl	0	6	1	0	water	-0.63	abs	1	1	1	1	1	1	1	63.289	14.528	42.519	8.937	0	0	0	0	0	0	0	0	0	0	0	0	0	0	0	0	39.779	0	0	0	0	0	0	0	0	0	0	117.597
0165triwater	2104	0165tri	0	6	1	0	water	-0.25	abs	1	1	1	1	1	1	1	35.822	7.387	24.074	4.56	0	0	0	0	0	0	0	0	0	0	0	0	0	0	0	0	108.559	0	0	0	0	0	0	0	0	0	0	151.768
0166triwater	2109	0166tri	0	6	1	0	water	-1.95	abs	1	1	1	1	1	1	1	35.448	5.158	23.87	3.174	0	0	0	0	0	0	0	0	0	0	0	0	0	0	0	0	112.685	0	0	0	0	0	0	0	0	0	0	153.291
0167chlawater	2112	0167chla	0	6	1	0	water	-0.27	abs	1	1	1	1	1	1	1	85.701	16.952	57.53	12.609	0	0	0	0	0	0	0	0	0	0	0	0	0	0	0	0	39.67	0	0	0	0	0	0	0	0	0	0	142.322
0168chlwater	2115	0168chl	0	6	1	0	water	-0.25	abs	1	1	1	1	1	1	1	85.069	17.774	57.109	11.857	0	0	0	0	0	0	0	0	0	0	0	0	0	0	0	0	37.54	0	0	0	0	0	0	0	0	0	0	140.383
0169chlwater	2125	0169chl	0	6	2	0	water	-0.59	abs	1	1	1	1	1	1	1	38.396	28.705	25.926	19.88	0.427	0	0	0	0	0	0	0	0	0	0	0	0	0	0	0	40.636	0	0	0	0	0	0	0	0	0	0	107.736
0170chlwater	2126	0170chl	0	6	2	0	water	-0.57	abs	1	1	1	1	1	1	1	60.707	32.534	40.864	28.57	0.2	0	0	0	0	0	0	0	0	0	0	0	0	0	0	0	37.024	0	0	0	0	0	0	0	0	0	0	130.264
0171Zdiwater	2128	0171Zdi	0	6	2	0	water	-1.17	abs	1	1	1	1	1	1	1	25.873	22.268	17.484	15.398	0.112	0	0	0	0	0	0	0	0	0	0	0	0	0	0	0	77.614	0	0	0	0	0	0	0	0	0	0	125.754
0172Ediwater	2131	0172Edi	0	6	2	0	water	-0.76	abs	1	1	1	1	1	1	1	24.927	21.558	16.852	14.918	0.191	0	0	0	0	0	0	0	0	0	0	0	0	0	0	0	81.004	0	0	0	0	0	0	0	0	0	0	127.489
0173triwater	2135	0173tri	0	6	2	0	water	-0.39	abs	1	1	1	1	1	1	1	12.19	17.072	8.245	11.783	0.008	0	0	0	0	0	0	0	0	0	0	0	0	0	0	0	114.778	0	0	0	0	0	0	0	0	0	0	144.040
0174chlwater	2146	0174chl	0	6	3	0	water	-1.12	abs	1	1	1	1	1	1	1	63.316	59.631	42.75	79.88	0	0	0	0	0	0	0	0	0	0	0	0	0	0	0	0	38.931	0	0	0	0	0	0	0	0	0	0	161.877
0175odiwater	2161	0175odi	0	6	3	0	water	-1.36	abs	1	1	1	1	1	1	1	50.117	54.672	33.848	73.253	0	0	0	0	0	0	0	0	0	0	0	0	0	0	0	0	73.176	0	0	0	0	0	0	0	0	0	0	177.965
0176pdiwater	2167	0176pdi	0	6	3	0	water	-1.01	abs	1	1	1	1	1	1	1	48.817	53.675	32.98	71.958	0	0	0	0	0	0	0	0	0	0	0	0	0	0	0	0	77.918	0	0	0	0	0	0	0	0	0	0	180.410
0177browater	2185	0177bro	0	7	1	0	water	-0.82	abs	1	1	1	1	1	1	1	38.321	11.407	25.795	0	0	0	0	0	0	0	0	0	0	0	0	0	0	0	0	0	0	47.436	0	0	0	0	0	0	0	0	0	97.164
0178dibwater	2187	0178dib	0	7	1	0	water	-2.11	abs	1	1	1	1	1	1	1	24.807	5.752	16.723	0	0	0	0	0	0	0	0	0	0	0	0	0	0	0	0	0	0	91.695	0	0	0	0	0	0	0	0	0	122.254
0179triwater	2190	0179tri	0	7	1	0	water	-1.98	abs	1	1	1	1	1	1	1	11.992	1.881	8.089	0	0	0	0	0	0	0	0	0	0	0	0	0	0	0	0	0	0	131.52	0	0	0	0	0	0	0	0	0	145.393
0180browater	2197	0180bro	0	7	1	0	water	-0.70	abs	1	1	1	1	1	1	1	62.923	14.357	42.268	8.833	0	0	0	0	0	0	0	0	0	0	0	0	0	0	0	0	0	45.366	0	0	0	0	0	0	0	0	0	122.646
0182browater	2201	0182bro	0	7	1	0	water	-0.56	abs	1	1	1	1	1	1	1	85.461	16.741	57.366	12.422	0	0	0	0	0	0	0	0	0	0	0	0	0	0	0	0	0	45.263	0	0	0	0	0	0	0	0	0	147.465
0183browater	2204	0183bro	0	7	1	0	water	-0.48	abs	1	1	1	1	1	1	1	84.644	17.537	56.81	11.701	0	0	0	0	0	0	0	0	0	0	0	0	0	0	0	0	0	42.92	0	0	0	0	0	0	0	0	0	145.100
0184browater	2207	0184bro	0	7	1	0	water	-0.41	abs	1	1	1	1	1	1	1	107.413	19.4	72.062	15.658	0	0	0	0	0	0	0	0	0	0	0	0	0	0	0	0	0	45.263	0	0	0	0	0	0	0	0	0	172.076
0185browater	2210	0185bro	0	7	1	0	water	-0.08	abs	1	1	1	1	1	1	1	129.257	22.128	86.69	18.97	0	0	0	0	0	0	0	0	0	0	0	0	0	0	0	0	0	45.274	0	0	0	0	0	0	0	0	0	196.659
0186browater	2218	0186bro	0	7	3	0	water	-1.46	abs	1	1	1	1	1	1	1	63.085	59.225	42.588	79.318	0	0	0	0	0	0	0	0	0	0	0	0	0	0	0	0	0	44.581	0	0	0	0	0	0	0	0	0	166.891
0187dibwater	2230	0187dib	0	7	3	0	water	-2.30	abs	1	1	1	1	1	1	1	48.316	52.895	32.633	70.879	0	0	0	0	0	0	0	0	0	0	0	0	0	0	0	0	0	89.208	0	0	0	0	0	0	0	0	0	190.418
0197browater	2238	0197bro	0	8	0	0	water	1.79	abs	1	1	1	1	1	1	1	0	1.775	0	0	0	0	0	0	0	0	0	0	0	0	0	0	0	0	0	70.109	0	45.11	0	0	0	0	0	0	0	0	0	116.994
0198chlwater	2240	0198chl	0	8	0	0	water	-0.77	abs	1	1	1	1	1	1	1	25.536	7.753	17.183	0	0	0	0	0	0	0	0	0	0	0	0	0	0	0	0	24.991	40.848	0	0	0	0	0	0	0	0	0	0	99.127
0199chlwater	2241	0199chl	0	8	0	0	water	-0.50	abs	1	1	1	1	1	1	1	12.803	4.522	8.623	0	0	0	0	0	0	0	0	0	0	0	0	0	0	0	0	48.248	39.985	0	0	0	0	0	0	0	0	0	0	105.558
0200tetwater	2070	0200tet	0	5	1	0	water	3.16	abs	1	1	1	1	1	1	1	0	2.547	0	0	0	0	0	0	0	0	0	0	0	0	0	0	0	0	0	96.384	0	0	0	0	0	0	0	0	0	0	0	98.931
0201browater	2243	0201bro	0	8	0	0	water	-0.13	abs	1	1	1	1	1	1	1	11.797	1.769	7.953	1.082	0	0	0	0	0	0	0	0	0	0	0	0	0	0	0	64.708	36.416	41.804	0	0	0	0	0	0	0	0	0	156.494
0202browater	2246	0202bro	0	8	0	0	water	-1.95	abs	1	1	1	1	1	1	1	48.769	8.358	32.828	5.161	0	0	0	0	0	0	0	0	0	0	0	0	0	0	0	0	39.657	45.137	0	0	0	0	0	0	0	0	0	141.921
0203browater	2247	0203bro	0	8	0	0	water	0.52	abs	1	1	1	1	1	1	1	12.166	2.704	8.19	1.667	0	0	0	0	0	0	0	0	0	0	0	0	0	0	0	88.079	0	42.76	0	0	0	0	0	0	0	0	0	145.710
0204tetwater	2141	0204tet	0	6	2	0	water	0.05	abs	1	1	1	1	1	1	1	0	12.767	0	8.774	0	0	0	0	0	0	0	0	0	0	0	0	0	0	0	0	147.312	0	0	0	0	0	0	0	0	0	0	160.079
0205chlwater	2249	0205chl	0	8	0	0	water	0.06	abs	1	1	1	1	1	1	1	24.38	4.849	16.423	3.003	0	0	0	0	0	0	0	0	0	0	0	0	0	0	0	68.045	38.454	0	0	0	0	0	0	0	0	0	0	135.728
0206triwater	2250	0206tri	0	8	0	0	water	1.77	abs	1	1	1	1	1	1	1	0	0.684	0	0.41	0	0	0	0	0	0	0	0	0	0	0	0	0	0	0	61.186	104.776	0	0	0	0	0	0	0	0	0	0	166.646
0207triwater	2264	0207tri	0	9	1	0	water	-4.31	abs	1	1	1	1	1	1	1	38.533	5.305	16.608	3.3	0	17.073	9.719	0	0.001	0	0	0	0	0	0	0	0	0	0	68.421	0	0	0	0	0	0	0	0	0	0	0	129.332
0209chlwater	2269	0209chl	0	9	1	0	water	0.11	abs	1	1	1	1	1	1	1	21.462	5.662	14.463	0.624	0	10.133	0	0	0.845	0	0	0	0	0	0	0	0	0	0	106.831	35.501	0	0	0	0	0	0	0	0	0	0	179.589
0211triwater	2272	0211tri	0	9	1	0	water	-4.16	abs	1	1	1	1	1	1	1	56.214	10.442	31.213	7.194	0	17.986	6.882	0	0	0	0	0	0	0	0	0	0	0	0	63.383	0	0	0	0	0	0	0	0	0	0	0	148.025
0212hexwater	2274	0212hex	0	9	1	0	water	-3.77	abs	1	1	1	1	1	1	1	20.412	2.467	7.903	1.988	0	17.258	6.119	0	0.089	0	0	0	0	0	0	0	0	0	0	122.577	0	0	0	0	0	0	0	0	0	0	0	162.715
0213biswater	2411	0213bis	0	10	6	0	water	-3.92	abs	1	1	1	1	1	1	1	94.415	14.209	63.479	8.722	0	0	0	0	0	0	0	0	0	0	0	0	0	0	0	0	79.311	0	24.954	0	0	0	0	0	0	0	0	212.889
0214triwater	2276	0214tri	0	9	1	0	water	-0.12	abs	1	1	1	1	1	1	1	56.958	30.949	38.37	21.135	0.002	11.164	0	0	2.079	0	0	0	0	0	0	0	0	0	0	68.527	0	0	0	0	0	0	0	0	0	0	0	167.598
0215pbrwater	2278	0215pbr	0	9	1	0	water	-7.13	abs	1	1	1	1	1	1	1	60.305	54.312	32.635	72.73	0	18.732	8.452	0	3.591	0	0	0	0	0	0	0	0	0	0	0	0	44.66	0	0	0	0	0	0	0	0	0	178.009
0216ammwater	4	0216amm	0	1	2	0	water	-4.29	abs	1	1	1	1	1	1	1	44.842	0	0	0	0	0	0	0	0	0	0	17.947	31.036	0	0	0	0	0	0	0	0	0	0	0	0	0	0	0	0	0	0	62.789
0217watwater	14	0217wat	0	1	3	0	water	-6.31	abs	1	1	1	1	1	1	1	29.944	0	0	0	0	26.208	21.164	14.959	0	0	0	0	0	0	0	0	0	0	0	0	0	0	0	0	0	0	0	0	0	0	0	56.152
0218phowater	2414	0218pho	0	11	1	0	water	0.60	abs	1	1	1	1	1	1	1	46.169	0	0	0	0	0	0	0	0	0	0	0	0	0	0	0	0	0	0	0	0	0	0	0	0	32.294	0	0	0	0	0	78.463
0219hydwater	2377	0219hyd	0	10	2	0	water	-0.70	abs	1	1	1	1	1	1	1	29.01	0	0	0	0	0	0	0	0	0	0	0	0	0	0	0	0	0	0	0	0	0	41.98	21.965	0	0	0	0	0	0	0	70.990
0220triwater	2415	0220tri	0	11	1	0	water	-8.70	abs	1	1	1	1	1	1	1	104.98	32.105	70.549	0	0	57.083	0	0	0	0	0	0	0	0	0	0	0	0	0	0	0	0	0	0	0	2.888	39.343	0	0	0	0	197.055
0221triwater	2424	0221tri	0	11	1	0	water	-7.80	abs	1	1	1	1	1	1	1	178.8	41.829	120.033	25.773	0	51.557	0	0	0	0	0	0	0	0	0	0	0	0	0	0	0	0	0	0	0	2.929	35.611	0	0	0	0	275.115
0222triwater	2433	0222tri	0	11	1	0	water	-6.10	abs	1	1	1	1	1	1	1	246.668	48.969	165.48	36.857	0	51.358	0	0	0	0	0	0	0	0	0	0	0	0	0	0	0	0	0	0	0	2.936	35.474	0	0	0	0	349.931
0223diewater	2384	0223die	0	10	3	0	water	-1.63	abs	1	1	1	1	1	1	1	116.857	27.411	78.42	16.805	0	0	0	0	0	0	0	0	0	0	0	0	0	0	0	0	0	0	49.217	0.689	36.246	0	0	0	0	0	0	193.485
0225pipawater	1670	0225pipa	0	3	1	0	water	-5.11	abs	1	1	1	1	1	1	1	134.045	21.144	81.102	20.422	0	0	0	0	0	0	0	7.779	8.989	0	3.532	60.263	0	0	0	0	0	0	0	0	0	0	0	0	0	0	0	162.969
0227Nmewater	2058	0227Nme	0	4	3	0	water	-6.34	abs	1	1	1	1	1	1	1	128.475	25.458	86.005	10.437	0	14.393	0	0	0	0	0	5.305	0	0	6.245	72.227	0	0	0	0	0	0	0	0	0	0	0	0	0	0	0	173.631
0228metwater	1677	0228met	0	3	1	0	water	-4.56	abs	1	1	1	1	1	1	1	67.268	10.659	26.38	0	0	0	0	0	0	0	0	13.043	19.328	0	4.304	44.44	0	0	0	0	0	0	0	0	0	0	0	0	0	0	0	90.970
0229hydwater	1860	0229hyd	0	3	5	0	water	-6.26	abs	1	1	1	1	1	1	1	55.679	0	0	0	0	0	0	0	0	0	0	28.357	38.512	24.586	0	0	0	0	0	0	0	0	0	0	0	0	0	0	0	0	0	84.036
0230ethwater	1831	0230eth	0	3	3	2	water	-5.51	abs	1	1	1	1	1	1	1	97.931	55.116	65.836	42.034	0	0	0	0	0	0	0	26.094	0	0	19.622	83.181	0	0	0	0	0	0	0	0	0	0	0	0	0	0	0	179.141
0233ethbwater	1884	0233ethb	0	4	1	1	water	-9.71	abs	1	1	1	1	1	1	1	64.676	17.694	25.233	10.84	0	25.402	0	0	15.71	0	0	10.593	18.86	0	3.777	13.407	5.147	0	0	0	0	0	0	0	0	0	0	0	0	0	0	118.365
0234ENmbwater	1889	0234ENmb	0	4	1	1	water	-10.00	abs	1	1	1	1	1	1	1	83.419	26.208	47.202	10.34	0	25.158	0	0	15.423	0	0	5.804	9.105	0	7.647	33.107	2.826	0	0	0	0	0	0	0	0	0	0	0	0	0	0	140.589
0235ZNmbwater	1890	0235ZNmb	0	4	1	1	water	-10.00	abs	1	1	1	1	1	1	1	85.627	28.678	49.042	10.576	0	22.549	0	0	13.772	0	0	5.493	8.756	0	8.462	31.433	2.68	0	0	0	0	0	0	0	0	0	0	0	0	0	0	142.347
0236octwater	614	0236oct	0	2	2	1	water	-4.09	abs	1	1	1	1	1	1	1	208.226	30.97	130.998	29.457	0	19.304	8.944	0	0	0	0	0	0	0	0	0	0	0	0	0	0	0	0	0	0	0	0	0	0	0	0	258.499
0237octwater	872	0237oct	0	2	4	1	water	-2.29	abs	1	1	1	1	1	1	1	185.429	39.114	124.146	34.763	0	23.381	0	0	14.668	0	0	0	0	0	0	0	0	0	0	0	0	0	0	0	0	0	0	0	0	0	0	247.925
0238metwater	1446	0238met	0	2	6	0	water	-2.04	abs	1	1	1	1	1	1	1	208.245	43.6	139.599	30.788	0	32.724	0	0	15.514	0	0	0	0	0	0	0	0	0	0	0	0	0	0	0	0	0	0	0	0	0	0	284.568
0239octwater	1075	0239oct	0	2	4	2	water	-2.88	abs	1	1	1	1	1	1	1	185.682	39.761	124.431	37.212	0	22.212	0	0	13.815	0	0	0	0	0	0	0	0	0	0	0	0	0	0	0	0	0	0	0	0	0	0	247.655
0240metwater	1447	0240met	0	2	6	0	water	-3.91	abs	1	1	1	1	1	1	1	96.134	76.816	64.785	87.228	0	30.2	0	0	14.91	0	0	0	0	0	0	0	0	0	0	0	0	0	0	0	0	0	0	0	0	0	0	203.150
0242diiwater	820	0242dii	0	2	3	0	water	-0.53	abs	1	1	1	1	1	1	1	153.418	33.011	102.938	21.318	0	10.071	0	0	0	0	0	0	0	0	0	0	0	0	0	0	0	0	0	0	0	0	0	0	0	0	0	196.500
0244tetwater	824	0244tet	0	2	3	0	water	-3.12	abs	1	1	1	1	1	1	1	121.114	22.679	81.165	21.493	0	14.161	0	0	0	0	0	0	0	0	0	0	0	0	0	0	0	0	0	0	0	0	0	0	0	0	0	157.953
0245thiwater	2387	0245thi	0	10	4	0	water	-1.42	abs	1	1	1	1	1	1	1	51.791	48.126	35.018	48.149	0	0	0	0	0	0	0	0	0	0	0	0	0	0	0	0	0	0	30.846	0	0	0	0	0	0	0	0	130.763
0246ethwater	829	0246eth	0	2	3	0	water	-2.22	abs	1	1	1	1	1	1	1	120.377	72.003	81.005	86.941	0	10.893	0	0	2.063	0	0	0	0	0	0	0	0	0	0	0	0	0	0	0	0	0	0	0	0	0	0	203.272
0400hydwater	1	0400hyd	0	1	1	0	water	2.33	abs	1	1	1	1	1	1	1	39.747	0	0	0	0	0	0	0	0	0	0	0	0	0	0	0	0	0	0	0	0	0	0	0	0	0	0	0	0	0	0	39.747
0401amiawater	1934	0401amia	0	4	1	2	water	-9.63	abs	1	1	1	1	1	1	1	132.585	86.352	84.908	80.035	0	17.009	0	0	10.244	0	0	7.522	4.416	0	26.173	47.327	3.626	0	0	0	0	0	0	0	0	0	0	0	0	0	0	243.469
0402adnwater	1868	0402adn	0	3	6	0	water	-13.60	abs	1	1	1	1	1	1	1	87.95	59.301	41.575	18.995	0	0	0	0	0	0	0	54.152	18.236	0	85.924	169.114	0	0	0	0	0	0	0	0	0	0	0	0	0	0	0	201.403
0403thiwater	1958	0403thi	0	4	1	4	water	-10.40	abs	1	1	1	1	1	1	1	93.731	51.524	54.271	28.853	0	46.313	0	0	28.507	0	0	7.86	9.005	0	28.426	39.454	6.325	0	0	0	0	0	0	0	0	0	0	0	0	0	0	199.428
0405hexwater	2072	0405hex	0	5	1	0	water	3.94	abs	1	1	1	1	1	1	1	0	1.563	0	0.967	0	0	0	0	0	0	0	0	0	0	0	0	0	0	0	133.298	0	0	0	0	0	0	0	0	0	0	0	134.861
0406octwater	2073	0406oct	0	5	1	0	water	4.28	abs	1	1	1	1	1	1	1	0	1.543	0	1.007	0	0	0	0	0	0	0	0	0	0	0	0	0	0	0	162.955	0	0	0	0	0	0	0	0	0	0	0	164.498
0407tetwater	2118	0407tet	0	6	1	0	water	-1.15	abs	1	1	1	1	1	1	1	22.889	3.288	15.407	2.007	0	0	0	0	0	0	0	0	0	0	0	0	0	0	0	0	141.8	0	0	0	0	0	0	0	0	0	0	167.978
0408hexwater	2119	0408hex	0	6	1	0	water	-1.40	abs	1	1	1	1	1	1	1	0	0.213	0	0.124	0	0	0	0	0	0	0	0	0	0	0	0	0	0	0	0	194.572	0	0	0	0	0	0	0	0	0	0	194.784
0409clbwater	2120	0409clb	0	6	1	0	water	0.07	abs	1	1	1	1	1	1	1	103.744	20.94	69.627	15.711	0	0	0	0	0	0	0	0	0	0	0	0	0	0	0	0	35.135	0	0	0	0	0	0	0	0	0	0	159.818
0410clpwater	2121	0410clp	0	6	1	0	water	0.07	abs	1	1	1	1	1	1	1	129.54	22.315	86.88	19.131	0	0	0	0	0	0	0	0	0	0	0	0	0	0	0	0	39.684	0	0	0	0	0	0	0	0	0	0	191.539
0411chpwater	2122	0411chp	0	6	1	0	water	0.07	abs	1	1	1	1	1	1	1	127.701	24.165	85.65	19.069	0	0	0	0	0	0	0	0	0	0	0	0	0	0	0	0	34.924	0	0	0	0	0	0	0	0	0	0	186.789
0412cltwater	2176	0412clt	0	6	3	0	water	-1.92	abs	1	1	1	1	1	1	1	85.371	61.629	57.561	81.841	0	0	0	0	0	0	0	0	0	0	0	0	0	0	0	0	39.999	0	0	0	0	0	0	0	0	0	0	186.999
0413cltwater	2177	0413clt	0	6	3	0	water	-1.15	abs	1	1	1	1	1	1	1	84.166	62.493	56.669	81.121	0	0	0	0	0	0	0	0	0	0	0	0	0	0	0	0	35.566	0	0	0	0	0	0	0	0	0	0	182.225
0414dclwater	2178	0414dcl	0	6	3	0	water	-2.73	abs	1	1	1	1	1	1	1	100.017	98.089	67.521	134.272	0	0	0	0	0	0	0	0	0	0	0	0	0	0	0	0	67.692	0	0	0	0	0	0	0	0	0	0	265.797
0415dclwater	2181	0415dcl	0	6	3	0	water	-2.45	abs	1	1	1	1	1	1	1	96.369	100.156	65.05	139.223	0	0	0	0	0	0	0	0	0	0	0	0	0	0	0	0	67.814	0	0	0	0	0	0	0	0	0	0	264.340
0416dclwater	2183	0416dcl	0	6	3	0	water	-1.99	abs	1	1	1	1	1	1	1	85.747	92.29	57.899	126.949	0	0	0	0	0	0	0	0	0	0	0	0	0	0	0	0	103.69	0	0	0	0	0	0	0	0	0	0	281.726
0417brpwater	2215	0417brp	0	7	2	0	water	-0.86	abs	1	1	1	1	1	1	1	61.475	31.341	41.409	26.749	0.02	0	0	0	0	0	0	0	0	0	0	0	0	0	0	0	0	45.818	0	0	0	0	0	0	0	0	0	138.634
0418briwater	2213	0418bri	0	7	1	0	water	-0.03	abs	1	1	1	1	1	1	1	103.036	20.263	69.133	13.409	0	0	0	0	0	0	0	0	0	0	0	0	0	0	0	0	0	42.792	0	0	0	0	0	0	0	0	0	166.091
0419brtwater	2233	0419brt	0	7	3	0	water	-2.37	abs	1	1	1	1	1	1	1	85.249	61.243	57.476	81.23	0	0	0	0	0	0	0	0	0	0	0	0	0	0	0	0	0	45.542	0	0	0	0	0	0	0	0	0	192.034
0420pbrwater	2236	0420pbr	0	7	3	0	water	-1.39	abs	1	1	1	1	1	1	1	84.521	61.629	56.884	79.363	0	0	0	0	0	0	0	0	0	0	0	0	0	0	0	0	0	44.637	0	0	0	0	0	0	0	0	0	190.788
0421dflwater	2253	0421dfl	0	8	0	0	water	1.69	abs	1	1	1	1	1	1	1	0	1.251	0	0	0	0	0	0	0	0	0	0	0	0	0	0	0	0	0	45.691	76.764	0	0	0	0	0	0	0	0	0	0	123.705
0422ftcwater	2257	0422ftc	0	8	0	0	water	0.82	abs	1	1	1	1	1	1	1	0	0.775	0	0	0	0	0	0	0	0	0	0	0	0	0	0	0	0	0	22.191	112.537	0	0	0	0	0	0	0	0	0	0	135.504
0423brtwater	2261	0423brt	0	8	0	0	water	-0.93	abs	1	1	1	1	1	1	1	0	0.383	0	0	0	0	0	0	0	0	0	0	0	0	0	0	0	0	0	0	109.096	42.349	0	0	0	0	0	0	0	0	0	151.827
0424clpwater	2263	0424clp	0	8	0	0	water	2.86	abs	1	1	1	1	1	1	1	0	1.195	0	0.732	0	0	0	0	0	0	0	0	0	0	0	0	0	0	0	108.139	36.589	0	0	0	0	0	0	0	0	0	0	145.923
0425dbrwater	2311	0425dbr	0	9	3	0	water	-9.00	abs	1	1	1	1	1	1	1	30.944	60.8	15.484	73.093	0	16.341	5.645	0	4.926	0	0	27.77	0	0	9.45	6.272	0	16.984	0	0	0	84.17	0	0	0	0	0	0	0	0	0	220.026
0426dclwater	2303	0426dcl	0	9	2	0	water	-5.22	abs	1	1	1	1	1	1	1	37.279	61.838	25.185	77.86	0	0	0	0	0	0	0	27.76	0	0	6.859	6.312	0	17.049	0	0	73.397	0	0	0	0	0	0	0	0	0	0	200.274
0427dclwater	2412	0427dcl	0	10	6	0	water	-10.81	abs	1	1	1	1	1	1	1	64.143	47.783	25.155	64.868	0	0	0	0	0	0	0	8.849	18.733	0	0.651	11.435	0	0	0	0	71.363	0	39.546	0	0	0	0	0	0	0	0	231.683
0428amiwater	2314	0428ami	0	9	3	0	water	-11.96	abs	1	1	1	1	1	1	1	33.006	40.788	0	43.496	0	37.363	8.978	0	17.44	0	0	20.537	14.108	0	9.543	43.972	0	0	0	0	102.403	0	0	0	0	0	0	0	0	0	0	234.096
0433phowater	2454	0433pho	0	11	3	0	water	-6.61	abs	1	1	1	1	1	1	1	77.991	38.385	52.464	11.689	0.006	53.801	0	0	0.797	0	0	0	0	0	0	0	0	0	0	0	77.06	0	0	0	0	3.407	37.147	0	0	0	0	250.644
0437phowater	2443	0437pho	0	11	2	0	water	-6.92	abs	1	1	1	1	1	1	1	143.791	72.12	88.378	68.154	0	38.442	8.692	0	0.114	0	0	0	0	0	0	0	0	0	0	0	0	0	62.408	0.403	0	1.9	25.707	27.471	0	0	0	318.662
0438phowater	2466	0438pho	0	11	4	0	water	-3.86	abs	1	1	1	1	1	1	1	137.215	67.214	92.292	69.954	0	25.154	0	0	0.905	0	0	0	0	0	0	0	0	0	0	0	70.576	0	35.61	0	0	2.66	16.825	25.115	0	0	0	338.430
0440phowater	2457	0440pho	0	11	3	0	water	-7.28	abs	1	1	1	1	1	1	1	141.278	64.541	95.016	58.644	0	51.223	0	0	1.538	0	0	0	0	0	0	0	0	0	0	0	40.168	0	0	0	0	2.494	35.218	0	0	0	0	299.705
0441phowater	2445	0441pho	0	11	2	0	water	-7.62	abs	1	1	1	1	1	1	1	108.12	71.024	72.825	66.159	0	78.511	0	0	0.545	0	0	4.243	0	0	2.702	5.061	0	0	29.172	0	0	0	37.553	0	0	2.031	19.856	26.516	0	0	0	301.482
0442phowater	2468	0442pho	0	11	4	0	water	-4.09	abs	1	1	1	1	1	1	1	173.333	74.408	116.492	80.533	0	34.794	0	0	0.41	0	0	0	0	0	0	0	0	0	0	0	35.418	44.595	25.883	0	0	1.833	24.169	17.062	0	0	0	390.264
0444phowater	2470	0444pho	0	11	4	0	water	-5.06	abs	1	1	1	1	1	1	1	86.932	60.833	58.524	53.504	0	28.175	0	0	0.793	0	0	0	0	0	0	0	0	0	0	0	105.997	0	35.768	0	0	2.333	18.865	25.26	0	0	0	320.036
0445phowater	2472	0445pho	0	11	4	0	water	-5.70	abs	1	1	1	1	1	1	1	86.858	60.399	58.472	53.095	0	28.178	0	0	0.735	0	0	0	0	0	0	0	0	0	0	0	68.906	42.142	35.834	0	0	2.288	18.869	25.305	0	0	0	324.604
0447phowater	2449	0447pho	0	11	2	0	water	-6.27	abs	1	1	1	1	1	1	1	150.066	73.87	100.953	79.561	0	73.224	0	0	0.472	0	0	4.24	0	0	2.707	5.064	0	0	29.178	0	0	0	36.337	0	0	1.589	16.321	25.645	0	0	0	339.325
0449phowater	2452	0449pho	0	11	2	0	water	-5.10	abs	1	1	1	1	1	1	1	164.491	136.096	110.833	163.864	0	15.85	0	0	0.371	0	0	27.771	0	0	9.422	6.249	0	16.981	0	0	0	0	34.413	0	0	1.682	10.489	24.226	0	0	0	380.303
0471dimwater	1805	0471dim	0	3	3	1	water	-5.22	abs	1	1	1	1	1	1	1	103.521	61.844	69.541	61.802	0	0	0	0	0	0	0	14.596	0	0	11.149	47.512	0	0	0	0	0	0	0	0	0	0	0	0	0	0	0	179.962
0506nitwater	2001	0506nit	0	4	2	0	water	-3.95	abs	1	1	1	1	1	1	1	37.287	11.116	25.097	0	0	54.133	0	0	0	0	0	4.267	0	0	4.293	14.292	0	0	32.447	0	0	0	0	0	0	0	0	0	0	0	0	106.804
0571dimwater	1807	0571dim	0	3	3	1	water	-4.84	abs	1	1	1	1	1	1	1	109.021	61.817	73.214	61.092	0	0	0	0	0	0	0	14.495	0	0	10.927	47.094	0	0	0	0	0	0	0	0	0	0	0	0	0	0	0	185.333
0574ethwater	1810	0574eth	0	3	3	1	water	-4.74	abs	1	1	1	1	1	1	1	107.458	60.758	72.232	62.282	0	0	0	0	0	0	0	14.642	0	0	11.386	47.686	0	0	0	0	0	0	0	0	0	0	0	0	0	0	0	182.858
0939tetwater	2474	0939tet	0	12	1	0	water	3.04	abs	1	1	1	1	1	1	1	148.752	33.73	99.66	0	0	0	0	0	0	0	0	0	0	0	0	0	0	0	0	0	0	0	0	0	0	0	0	0	5.533	0	0	188.015
c000water	33	c000	0	1	4	0	water	-11.27	abs	1	1	1	1	1	1	1	50.393	0	0	0	0	44.119	35.963	25.65	0	0	0	0	0	0	0	0	0	0	0	0	0	0	0	0	0	0	0	0	0	0	0	94.512
n005water	1865	n005	0	3	5	0	water	-5.31	abs	1	1	1	1	1	1	1	79.511	9.653	25.679	0	0	0	0	0	0	0	0	20.954	28.512	18.832	3.963	32.579	0	0	0	0	0	0	0	0	0	0	0	0	0	0	0	110.118
n006water	1867	n006	0	3	5	0	water	-4.48	abs	1	1	1	1	1	1	1	96.238	17.063	47.785	0	0	0	0	0	0	0	0	17.883	17.196	11.386	7.032	56.62	0	0	0	0	0	0	0	0	0	0	0	0	0	0	0	131.185
n007water	1918	n007	0	4	1	2	water	-13.80	abs	1	1	1	1	1	1	1	54	9.258	0	0	0	25.43	0	0	15.734	0	0	22.065	37.551	0	16.461	30.551	10.611	0	0	0	0	0	0	0	0	0	0	0	0	0	0	110.753
n008water	1898	n008	0	4	1	1	water	-10.90	abs	1	1	1	1	1	1	1	84.404	66.048	40.063	86.126	0	22.987	0	0	14.081	0	0	9.836	17.42	0	3.651	12.738	4.761	0	0	0	0	0	0	0	0	0	0	0	0	0	0	183.276
n009water	1716	n009	0	3	2	0	water	-5.56	abs	1	1	1	1	1	1	1	106.674	62.721	56.23	81.502	0	0	0	0	0	0	0	10.284	16.044	0	2.857	12.693	0	0	0	0	0	0	0	0	0	0	0	0	0	0	0	179.680
n010water	1725	n010	0	3	2	0	water	-5.67	abs	1	1	1	1	1	1	1	110.178	62.157	56.826	80.102	0	0	0	0	0	0	0	11.446	17.868	0	2.891	14.212	0	0	0	0	0	0	0	0	0	0	0	0	0	0	0	183.781
n011water	1732	n011	0	3	2	0	water	-5.55	abs	1	1	1	1	1	1	1	110.533	62.043	57.023	79.959	0	0	0	0	0	0	0	11.494	17.894	0	2.886	14.263	0	0	0	0	0	0	0	0	0	0	0	0	0	0	0	184.070
n013water	1756	n013	0	3	2	0	water	-4.62	abs	1	1	1	1	1	1	1	127.711	71.671	78.121	85.794	0	0	0	0	0	0	0	5.364	8.076	0	4.724	28.608	0	0	0	0	0	0	0	0	0	0	0	0	0	0	0	204.746
n014water	1757	n014	0	3	2	0	water	-3.58	abs	1	1	1	1	1	1	1	123.054	73.919	82.754	76.727	0	0	0	0	0	0	0	3.558	0	0	9.609	39.723	0	0	0	0	0	0	0	0	0	0	0	0	0	0	0	200.531
n015water	1871	n015	0	3	6	0	water	-9.92	abs	1	1	1	1	1	1	1	98.935	54.363	32.11	72.651	0	0	0	0	0	0	0	22.896	35.678	0	5.771	28.458	0	0	0	0	0	0	0	0	0	0	0	0	0	0	0	176.194
n016water	1872	n016	0	3	6	0	water	-9.72	abs	1	1	1	1	1	1	1	100.136	8.278	32.352	4.996	0	0	0	0	0	0	0	25.477	35.914	0	3.353	79.699	0	0	0	0	0	0	0	0	0	0	0	0	0	0	0	133.890
n017water	1472	n017	0	2	8	0	water	-8.58	abs	1	1	1	1	1	1	1	27.894	0	0	0	0	44.588	19.698	0	0	0	28.216	0	0	0	0	0	0	0	0	0	0	0	0	0	0	0	0	0	0	0	0	72.482
n018water	1490	n018	0	2	8	0	water	-5.28	abs	1	1	1	1	1	1	1	52.219	10.582	25.737	0	0	36.676	9.764	0	0	0	23.254	0	0	0	0	0	0	0	0	0	0	0	0	0	0	0	0	0	0	0	0	99.476
n019water	1491	n019	0	2	8	0	water	-5.32	abs	1	1	1	1	1	1	1	76.743	13.9	42.251	8.52	0	34.776	9.709	0	0	0	22.061	0	0	0	0	0	0	0	0	0	0	0	0	0	0	0	0	0	0	0	0	125.418
test0001water	2853	test0001	0	2	6	0	water	-8.84	abs	1	1	1	1	1	1	1	158.17	54.382	106.258	34.295	0	84.029	0	0	41.095	0	0	0	0	0	0	0	0	0	0	0	0	0	0	0	0	0	0	0	0	0	0	296.581
test0004water	2854	test0004	0	5	2	0	water	1.07	abs	1	1	1	1	1	1	1	43.024	50.471	29.046	71.648	0	0	0	0	0	0	0	0	0	0	0	0	0	0	0	130.571	0	0	0	0	0	0	0	0	0	0	0	224.066
test0005water	2855	test0005	0	4	1	1	water	-11.01	abs	1	1	1	1	1	1	1	144.215	80.971	96.927	71.044	0	32.959	0	0	14.835	0	0	2.799	0	0	9.947	31.504	1.352	0	0	0	0	0	0	0	0	0	0	0	0	0	0	260.944
test0006water	2856	test0006	0	4	1	1	water	-9.76	abs	1	1	1	1	1	1	1	147.482	80.447	99.084	79.543	0	20.223	0	0	12.202	0	0	2.73	0	0	10.111	30.738	1.321	0	0	0	0	0	0	0	0	0	0	0	0	0	0	250.881
test0007water	2857	test0007	0	9	1	0	water	-4.23	abs	1	1	1	1	1	1	1	95.143	15.671	63.862	9.64	0	10.959	0	0	0	0	0	0	0	0	0	0	0	0	0	0	79.141	0	0	0	0	0	0	0	0	0	0	200.914
test0008water	2858	test0008	0	2	6	0	water	-4.97	abs	1	1	1	1	1	1	1	119.876	41.95	80.532	26.077	0	60.309	0	0	28.966	0	0	0	0	0	0	0	0	0	0	0	0	0	0	0	0	0	0	0	0	0	0	222.135
test0009water	2859	test0009	0	2	3	0	water	-3.28	abs	1	1	1	1	1	1	1	163.037	35.035	109.369	21.526	0	18.685	0	0	0.005	0	0	0	0	0	0	0	0	0	0	0	0	0	0	0	0	0	0	0	0	0	0	216.757
test0011water	2860	test0011	0	2	6	0	water	-6.00	abs	1	1	1	1	1	1	1	143.714	42.896	96.525	29.176	0	62.107	0	0	32.031	0	0	0	0	0	0	0	0	0	0	0	0	0	0	0	0	0	0	0	0	0	0	248.717
test0012water	2861	test0012	0	2	3	0	water	-2.93	abs	1	1	1	1	1	1	1	94.195	25.569	63.144	0	0	25.025	0	0	0.077	0	0	0	0	0	0	0	0	0	0	0	0	0	0	0	0	0	0	0	0	0	0	144.788
test0013water	2862	test0013	0	2	6	0	water	-6.34	abs	1	1	1	1	1	1	1	113.816	39.672	76.48	24.618	0	54.711	0	0	25.523	0	0	0	0	0	0	0	0	0	0	0	0	0	0	0	0	0	0	0	0	0	0	208.200
test0014water	2863	test0014	0	2	3	0	water	-3.54	abs	1	1	1	1	1	1	1	169.521	34.399	113.534	21.142	0	22.31	0	0	0	0	0	0	0	0	0	0	0	0	0	0	0	0	0	0	0	0	0	0	0	0	0	226.230
test0016water	2864	test0016	0	2	6	0	water	-3.82	abs	1	1	1	1	1	1	1	76.986	70.18	51.909	75.685	0	36.597	0	0	17.664	0	0	0	0	0	0	0	0	0	0	0	0	0	0	0	0	0	0	0	0	0	0	183.763
test0017water	2865	test0017	0	3	3	2	water	-9.81	abs	1	1	1	1	1	1	1	53.584	43.24	26.228	18.979	0	0	0	0	0	0	0	22.123	10.344	0	41.252	72.973	0	0	0	0	0	0	0	0	0	0	0	0	0	0	0	118.948
test1001water	2866	test1001 	0	4	3	0	water	-5.7	abs	1	1	1	1	1	1	1	45.069	5.983	30.293	3.671	0	128.712	0	0	0	0	0	10.299	0	0	0	0	0	0	74.297	0	0	0	0	0	0	0	0	0	0	0	0	190.063
test1002water	2867	test1002 	0	4	3	0	water	-5.0	abs	1	1	1	1	1	1	1	63.956	12.356	42.973	8.387	0	121.274	0	0	0	0	0	9.949	0	0	0	0	0	0	70.564	0	0	0	0	0	0	0	0	0	0	0	0	207.536
test1003water	2868	test1003 	0	4	3	0	water	-2.1	abs	1	1	1	1	1	1	1	105.594	18.386	70.822	15.119	0	64.356	0	0	0	0	0	5.112	0	0	0	0	0	0	37.204	0	0	0	0	0	0	0	0	0	0	0	0	193.448
test1004water	2869	test1004 	0	4	3	0	water	-1.8	abs	1	1	1	1	1	1	1	101.639	21.043	68.21	15.629	0	59.333	0	0	0	0	0	3.66	0	0	0	0	0	0	34.486	0	0	0	0	0	0	0	0	0	0	0	0	185.676
test1005water	2870	test1005 	0	4	3	0	water	-1.9	abs	1	1	1	1	1	1	1	102.17	19.187	68.536	12.813	0	62.084	0	0	0	0	0	5.115	0	0	0	0	0	0	36.146	0	0	0	0	0	0	0	0	0	0	0	0	188.556
test1006water	2871	test1006 	0	4	3	0	water	-8.2	abs	1	1	1	1	1	1	1	61.417	7.759	31.958	4.766	0	82.538	9.734	0	0	0	0	5.134	0	0	0	0	0	0	37.236	0	0	0	0	0	0	0	0	0	0	0	0	156.848
test1007water	2872	test1007 	0	9	3	0	water	-8.2	abs	1	1	1	1	1	1	1	204.306	79.854	137.209	73.689	0	29.782	0	0	13.572	0	0	0	0	0	3.461	0	0	0	0	0	29.658	0	0	0	0	0	0	0	0	0	0	343.601
test1008water	2873	test1008 	0	10	5	0	water	-9.8	abs	1	1	1	1	1	1	1	147.145	51.569	92.547	13.371	0	28.599	0	0	14.845	0	0	16.065	6.517	0	13.2	45.546	5.181	0.05	2.43	0	0	0	23.62	0.368	0	0	0	0	0	0	0	266.998
test1009water	2874	test1009 	0	10	5	0	water	-7.7	abs	1	1	1	1	1	1	1	200.275	63.471	118.116	19.997	0	0	0	0	0	0	0	33.763	16.951	0	80.014	131.491	0	0	0	0	0	0	28.822	0.214	0	0	0	0	0	0	0	326.331
test1010water	2875	test1010 	0	11	2	0	water	-10.0	abs	1	1	1	1	1	1	1	125.616	85.325	84.608	81.905	0	35.842	0	0	9.763	0	0	31.632	0	0	7.503	32.474	1.202	0	0	0	0	0	64.513	0	0	2.416	13.237	44.109	0	0	0	345.345
test1011water	2876	test1011 	0	9	3	0	water	-3.5	abs	1	1	1	1	1	1	1	156.505	65.011	105.059	72.21	0	82.7	0	0	0	0	0	6.647	0	0	7.657	12.679	0	0	49.45	65.627	0	0	0	0	0	0	0	0	0	0	0	376.489
test1012water	2877	test1012 	0	10	5	0	water	-17.2	abs	1	1	1	1	1	1	1	193.913	125.225	116.498	96.406	0	110.047	0	0	30.229	0	0	33.943	14.442	0	55.46	100.21	16.089	0	0	0	0	0	2.699	2.651	0	0	0	0	0	0	23.053	465.828
test1013water	2878	test1013 	0	9	3	0	water	-9.7	abs	1	1	1	1	1	1	1	139.522	56.641	85.677	41.049	0	37.604	0	0	23.113	0	0	6.363	8.254	0	20.448	25.835	3.644	0	0	0	0	40.262	0	0	0	0	0	0	0	0	0	280.393
test1014water	2879	test1014 	0	9	3	0	water	-9.0	abs	1	1	1	1	1	1	1	95.232	38.257	63.979	44.856	0	41.409	0	0	26.486	0	0	1.453	0	0	3.74	4.416	1.39	0	0	0	100.782	0	22.583	0	0	0	0	0	0	0	0	299.717
test1015water	2880	test1015 	0	4	3	0	water	-9.5	abs	1	1	1	1	1	1	1	128.695	105.385	81.037	122.013	0	32.787	0	0	15.69	0	0	4.636	5.877	0	8.491	27.498	4.383	0	0	0	0	0	0	0	0	0	0	0	0	0	0	271.503
test1016water	2881	test1016 	0	4	3	0	water	-9.6	abs	1	1	1	1	1	1	1	171.817	79.352	109.767	76.737	0	42.135	0	0	17.785	0	0	5.109	5.909	0	7.135	30.256	4.819	0	0	0	0	0	0	0	0	0	0	0	0	0	0	298.413
test1017water	2882	test1017 	0	11	4	0	water	-6.5	abs	1	1	1	1	1	1	1	170.743	82.757	114.805	85.322	0	22.333	0	0	0	0	0	0	0	0	0	0	0	0	0	0	38.941	0	73.436	0.079	0.025	1.618	15.03	35.693	0	0	0	389.828
test1018water	2883	test1018 	0	6	2	0	water	-3.4	abs	1	1	1	1	1	1	1	53.206	9.071	35.776	11.988	0	0	0	0	0	0	0	0	0	0	0	0	0	0	0	0	267.888	0	0	0	0	0	0	0	0	0	0	330.165
test1019water	2884	test1019 	0	11	3	0	water	-7.1	abs	1	1	1	1	1	1	1	153.558	82.991	103.278	87.998	0.004	45.052	0	0	0.099	0	0	0	0	0	0	0	0	0	0	0	107.378	0	0	0	0	2.221	31.18	0	0	0	0	391.200
test1020water	2885	test1020 	0	10	6	0	water	-14.0	abs	1	1	1	1	1	1	1	169.091	120.489	103.898	106.429	0	95.996	0.046	0	27.018	0	0	29.307	10.249	0	55.957	83.782	8.194	0	0	0	39.617	0	2.486	0.902	0	0	0	0	0	0	23.743	456.986
test1021water	2886	test1021 	0	9	3	0	water	-1.5	abs	1	1	1	1	1	1	1	0	0.444	0	0	0	48.721	0	0	0	0	0	3.281	0	0	0.143	8.049	0	0	29.598	0	106.435	0	0	0	0	0	0	0	0	0	0	158.881
test1022water	2887	test1022 	0	11	4	0	water	-5.0	abs	1	1	1	1	1	1	1	123.124	63.049	82.726	55.401	0	29.662	0	0	2.17	0	0	4.515	0	0	6.514	14.414	2.131	0	0	0	109.169	0	35.707	0	0	1.876	19.794	25.199	0	0	0	367.102
test1023water	2888	test1023 	0	11	4	0	water	-5.7	abs	1	1	1	1	1	1	1	188.435	91.78	126.724	98.519	0	60.486	0	0	24.106	0	0	1.078	0	0	4.499	8.284	1.03	0	0	0	37.35	0	43.91	0	0	1.464	14.775	29.845	0	0	0	424.502
test1024water	2889	test1024 	0	11	2	0	water	-6.5	abs	1	1	1	1	1	1	1	242.018	79.479	162.489	60.774	0	25.603	0	0	0.679	0	0	20.782	0	0	14.96	64.063	5.769	0	0	0	0	0	38.209	0	0	1.815	17.111	27.019	0	0	0	407.906
test1025water	2890	test1025 	0	9	1	0	water	-9.9	abs	1	1	1	1	1	1	1	67.966	56.297	37.093	61.716	0	46.918	9.085	0	19.134	0	0	0	0	0	0	0	0	0	0	0	70.454	0	0	0	0	0	0	0	0	0	0	241.634
test1027water	2891	test1027 	0	9	3	0	water	-5.7	abs	1	1	1	1	1	1	1	117.053	56.998	68.755	62.502	0	80.112	0.04	0	0	0	0	14.282	10.226	0	11.111	17.985	0	0	47.644	61.495	0	0	0	0	0	0	0	0	0	0	0	329.940
test1028water	2892	test1028 	0	4	3	0	water	-6.2	abs	1	1	1	1	1	1	1	113.333	59.917	71.862	70.749	0	109.52	4.435	0	3.705	0	0	8.476	0	0	5.392	10.093	0	0	57.431	0	0	0	0	0	0	0	0	0	0	0	0	291.245
test1029water	2893	test1029 	0	10	6	0	water	-4.2	abs	1	1	1	1	1	1	1	49.695	10.08	33.357	9.128	0	53.079	0	0	0	0	0	0	0	0	0	0	0	0	0	0	193.803	0	15.23	0	0	0	0	0	0	0	24.852	321.887
test1030water	2894	test1030 	0	9	1	0	water	-5.5	abs	1	1	1	1	1	1	1	79.617	27.181	53.622	37.447	0	17.488	0	0	0	0	0	0	0	0	0	0	0	0	0	0	195.732	0	0	0	0	0	0	0	0	0	0	320.018
test1031water	2895	test1031 	0	11	2	0	water	-6.1	abs	1	1	1	1	1	1	1	241.106	56.344	161.879	32.208	0	37.133	0	0	0	0	0	0	0	0	0	0	0	0	0	0	0	0	113.512	0.031	0.002	3.16	24.808	77.586	0	0	0	451.255
test1033water	2896	test1033 	0	6	2	0	water	-2.6	abs	1	1	1	1	1	1	1	50.742	23.143	34.209	31.217	0	0	0	0	0	0	0	0	0	0	0	0	0	0	0	0	235.116	0	0	0	0	0	0	0	0	0	0	309.000
test1034water	2897	test1034 	0	2	4	2	water	-5.2	abs	1	1	1	1	1	1	1	154.279	45.388	103.43	45.838	0	25.36	0	0	15.571	0	0	0	0	0	0	0	0	0	0	0	0	0	0	0	0	0	0	0	0	0	0	225.028
test1035water	2898	test1035 	0	6	1	0	water	-5.4	abs	1	1	1	1	1	1	1	56.734	3.046	38.164	3.71	0	0	0	0	0	0	0	0	0	0	0	0	0	0	0	0	193.553	0	0	0	0	0	0	0	0	0	0	253.333
test1036water	2899	test1036 	0	11	2	0	water	-8.2	abs	1	1	1	1	1	1	1	208.932	58.953	140.314	25.628	0	79.603	0	0	27.596	0	0	0	0	0	0	0	0	0	0	0	0	0	54.77	0.007	0	1.662	17.383	37.222	0	0	0	403.919
test1037water	2900	test1037 	0	10	5	0	water	-10.7	abs	1	1	1	1	1	1	1	119.515	44.873	71.745	9.583	0	30.405	0	0	14.136	0	0	14.054	8.846	0	12.152	44.751	5.517	0.001	4.092	0	0	0	27.662	0.178	0	0	0	0	0	0	0	236.509
test1039water	2901	test1039 	0	10	5	0	water	-15.5	abs	1	1	1	1	1	1	1	170.385	118.12	104.688	85.495	0	98.644	0.024	0	28.164	0	0	42.354	10.296	0	78.424	126.903	14.323	0	0	0	0	0	2.49	0.921	0	0	0	0	0	0	23.729	431.994
test1040water	2902	test1040 	0	10	5	0	water	-8.0	abs	1	1	1	1	1	1	1	194.153	71.44	130.354	67.177	0	130.574	0	0	0	0	0	5.084	0	0	6.448	7.548	0	0	50.724	0	0	0	3.54	0.937	0	0	0	0	0	0	25.833	404.791
test1041water	2903	test1041 	0	4	3	0	water	-6.0	abs	1	1	1	1	1	1	1	58.58	19.468	39.321	16.303	0	86.719	0	0	15.808	0	0	5.157	0	0	0	0	0	0	35.836	0	0	0	0	0	0	0	0	0	0	0	0	169.924
test1043water	2904	test1043 	0	11	2	0	water	-6.7	abs	1	1	1	1	1	1	1	156.76	77.221	105.424	83.416	0	74.705	0	0	0.612	0	0	4.241	0	0	2.704	5.062	0	0	29.174	0	0	0	37.654	0	0	2.099	17.274	26.591	0	0	0	352.679
test1044water	2905	test1044 	0	10	5	0	water	-3.6	abs	1	1	1	1	1	1	1	234.604	53.891	157.37	34.76	0	17.409	0	0	10.686	0	0	1.215	0	0	6.066	12.918	0.595	0	0	0	0	0	20.254	0.002	0	0	0	0	0	0	0	327.373
test1045water	2906	test1045 	0	11	2	0	water	-4.4	abs	1	1	1	1	1	1	1	192.613	43.766	129.303	24.655	0	17.48	0	0	0	0	0	0	0	0	0	0	0	0	0	0	0	0	78.992	0.028	0.398	1.738	11.716	41.997	0	0	0	334.590
test1046water	2907	test1046 	0	9	3	0	water	-2.5	abs	1	1	1	1	1	1	1	158.625	71.184	106.719	87.637	0	84.661	0	0	0	0	0	4.071	0	0	6.177	5.142	0	0	50.59	65.637	0	0	0	0	0	0	0	0	0	0	0	384.178
test1047water	2908	test1047 	0	10	5	0	water	-8.4	abs	1	1	1	1	1	1	1	221.941	69.127	133.317	23.187	0	0	0	0	0	0	0	33.713	16.239	0	85.702	124.827	0	0	0	0	0	0	28.818	0.208	0	0	0	0	0	0	0	353.600
test1048water	2909	test1048 	0	9	3	0	water	-7.8	abs	1	1	1	1	1	1	1	101.092	68.902	61.339	79.942	0	17.437	0	0	10.707	0	0	5.076	6.878	0	6.47	15.663	2.461	0	0	0	73.287	0	0	0	0	0	0	0	0	0	0	265.793
test1049water	2910	test1049 	0	9	3	0	water	-16.4	abs	1	1	1	1	1	1	1	92.994	90.043	46.913	107.022	0	18.294	0	0	11.271	0	0	24.455	16.374	0	14.591	37.707	1.576	0	0	0	34.951	0	0	0	0	0	0	0	0	0	0	260.738
test1050water	2911	test1050 	0	9	2	0	water	-10.2	abs	1	1	1	1	1	1	1	145.894	49.639	82.663	15.487	0	0	0	0	0	0	0	42.833	15.813	0	87.754	165.102	0	0	0	0	40.085	0	0	0	0	0	0	0	0	0	0	278.451
test1051water	2912	test1051 	0	10	5	0	water	-20.3	abs	1	1	1	1	1	1	1	184.166	123.944	113.931	116.082	0	85.581	0.009	0	23.954	0	0	31.909	10.288	0	55.329	89.982	5.427	0	0	0	0	0	2.442	0.967	0	0	0	0	0	0	23.685	428.042
test1052water	2913	test1052 	0	9	3	0	water	-11.1	abs	1	1	1	1	1	1	1	136.085	55.624	83.483	38.277	0	33.319	0	0	20.554	0	0	6.904	8.187	0	19.713	28.866	4.124	0	0	0	34.731	0	0	0	0	0	0	0	0	0	0	266.663
test1053water	2914	test1053 	0	10	5	0	water	-6.7	abs	1	1	1	1	1	1	1	211.126	66.033	127.345	20.51	0	0	0	0	0	0	0	32.576	14.909	0	81.821	126.404	0	0	0	0	0	0	28.827	0.209	0	0	0	0	0	0	0	338.562
test1054water	2915	test1054 	0	10	5	0	water	-16.2	abs	1	1	1	1	1	1	1	147.971	102.635	89.09	51.478	0	98.547	0	0	29.9	0	0	42.53	10.816	0	78.078	127.237	14.407	0	0	0	0	0	30.643	1.04	0	0	0	0	0	0	24.396	422.326
test1055water	2916	test1055 	0	11	3	0	water	-12.7	abs	1	1	1	1	1	1	1	87.739	21.36	51.941	0.378	0	53.122	7.361	0	0.262	0	0	0	0	0	0	0	0	0	0	0	93.969	0	0	0	0	1.51	27.058	0	0	0	0	257.699
test1056water	2917	test1056 	0	9	3	0	water	-3.3	abs	1	1	1	1	1	1	1	158.926	62.37	106.684	69.427	0	84.717	0	0	0	0	0	4.022	0	0	6.079	4.869	0	0	50.625	65.642	0	0	0	0	0	0	0	0	0	0	0	375.677
test1057water	2918	test1057 	0	10	5	0	water	-4.1	abs	1	1	1	1	1	1	1	232.625	51.733	156.062	32.42	0	14.791	0	0	9.104	0	0	2.709	0	0	5.708	28.367	1.328	0	0	0	0	0	20.883	0.001	0	0	0	0	0	0	0	322.741
test1058water	2919	test1058 	0	4	3	0	water	-11.2	abs	1	1	1	1	1	1	1	115.733	109.783	60.289	146.851	0	48.782	0	0	0	0	0	34.483	18.459	0	11.616	42.547	0	0	29.151	0	0	0	0	0	0	0	0	0	0	0	0	308.782
test1059water	2920	test1059 	0	4	3	0	water	-7.4	abs	1	1	1	1	1	1	1	150.475	166.677	85.642	236.239	0	32.812	1.624	0	18.65	0	0	15.485	16.373	0	8.341	27.878	0	0	0	0	0	0	0	0	0	0	0	0	0	0	0	365.448
test1060water	2921	test1060 	0	4	3	0	water	-8.9	abs	1	1	1	1	1	1	1	123.723	105.204	31.452	153.876	0	25.102	3.781	0.566	13.138	0	0	42.284	53.681	0	12.527	52.959	0	0	0	0	0	0	0	0	0	0	0	0	0	0	0	296.313
test1061water	2922	test1061 	0	4	3	0	water	-8.0	abs	1	1	1	1	1	1	1	100.941	117.616	54.867	170.606	0	36.716	0.334	0	21.802	0	0	10.47	13.68	0	3.161	13.111	0	0	0	0	0	0	0	0	0	0	0	0	0	0	0	265.743
test1063water	2923	test1063 	0	4	3	0	water	-9.4	abs	1	1	1	1	1	1	1	201.919	89.741	135.442	33.925	0	25.546	0	0	13.27	0	0	20.029	0	0	60.139	108.2	5.383	0	0	0	0	0	0	0	0	0	0	0	0	0	0	337.235
