i003acetonitrile	2765	i003	1	13	3	0	acetonitrile	-80.2	abs	1.3442	0.07	0.32	41.2511	0	0	0.1024	82.397	10.913	26.258	0	0	0	0	0	0	0	0	3.214	29.93	0	4.155	10.66	0	0	0	0	0	0	0	0	0	0	0	0	0	0	0	96.524
i003dimethylsulfoxide	2850	i003	1	13	3	0	dimethylsulfoxide	-82.4	abs	1.417	0	0.88	61.7758	0	0	0.7744	82.397	10.913	26.258	0	0	0	0	0	0	0	0	3.214	29.93	0	4.155	10.66	0	0	0	0	0	0	0	0	0	0	0	0	0	0	0	96.524
i003methanol	2698	i003	1	13	3	0	methanol	-74.3	abs	1.3288	0.43	0.47	31.77	0	0	0.2209	82.397	10.913	26.258	0	0	0	0	0	0	0	0	3.214	29.93	0	4.155	10.66	0	0	0	0	0	0	0	0	0	0	0	0	0	0	0	96.524
i004acetonitrile	2767	i004	1	13	3	0	acetonitrile	-75.7	abs	1.3442	0.07	0.32	41.2511	0	0	0.1024	126.9	16.518	57.428	12.388	0	0	0	0	0	0	0	2.772	28.528	0	1.4	8.364	0	0	0	0	0	0	0	0	0	0	0	0	0	0	0	146.189
i006acetonitrile	2771	i006	1	13	3	0	acetonitrile	-70.9	abs	1.3442	0.07	0.32	41.2511	0	0	0.1024	138.709	21.143	68.597	12.952	0	0	0	0	0	0	0	1.859	25.18	0	0	4.666	0	0	0	0	0	0	0	0	0	0	0	0	0	0	0	161.711
i010acetonitrile	2759	i010	1	13	3	0	acetonitrile	-67.5	abs	1.3442	0.07	0.32	41.2511	0	0	0.1024	143.592	26.309	81.455	16.154	0	0	0	0	0	0	0	0.327	15.375	0	3.096	2.463	0	0	0	0	0	0	0	0	0	0	0	0	0	0	0	170.227
i013acetonitrile	2773	i013	1	13	3	0	acetonitrile	-66.1	abs	1.3442	0.07	0.32	41.2511	0	0	0.1024	115.94	25.555	69.901	0	0	0	0	0	0	0	0	0.08	8.278	0	9.904	1.114	0	0	0	0	0	0	0	0	0	0	0	0	0	0	0	141.575
i013methanol	2705	i013	1	13	3	0	methanol	-59.5	abs	1.3288	0.43	0.47	31.77	0	0	0.2209	115.94	25.555	69.901	0	0	0	0	0	0	0	0	0.08	8.278	0	9.904	1.114	0	0	0	0	0	0	0	0	0	0	0	0	0	0	0	141.575
i014acetonitrile	2772	i014	1	13	3	0	acetonitrile	-59.8	abs	1.3442	0.07	0.32	41.2511	0	0	0.1024	169.605	36.238	109.016	22.233	0	0	0	0	0	0	0	0	5.004	0	3.695	0	0	0	0	0	0	0	0	0	0	0	0	0	0	0	0	205.843
i014methanol	2704	i014	1	13	3	0	methanol	-53.0	abs	1.3288	0.43	0.47	31.77	0	0	0.2209	169.605	36.238	109.016	22.233	0	0	0	0	0	0	0	0	5.004	0	3.695	0	0	0	0	0	0	0	0	0	0	0	0	0	0	0	0	205.843
i015acetonitrile	2775	i015	1	13	3	0	acetonitrile	-57.9	abs	1.3442	0.07	0.32	41.2511	0	0	0.1024	234.525	42.557	152.755	31.341	0	0	0	0	0	0	0	0.024	4.767	0	2.578	0.31	0	0	0	0	0	0	0	0	0	0	0	0	0	0	0	277.106
i018acetonitrile	2757	i018	1	13	3	0	acetonitrile	-76.8	abs	1.3442	0.07	0.32	41.2511	0	0	0.1024	103.606	59.287	42.534	79.432	0	0	0	0	0	0	0	2.823	27.997	0	2.376	3.318	0	0	0	0	0	0	0	0	0	0	0	0	0	0	0	165.715
i018dimethylsulfoxide	2849	i018	1	13	3	0	dimethylsulfoxide	-79.8	abs	1.417	0	0.88	61.7758	0	0	0.7744	103.606	59.287	42.534	79.432	0	0	0	0	0	0	0	2.823	27.997	0	2.376	3.318	0	0	0	0	0	0	0	0	0	0	0	0	0	0	0	165.715
i018methanol	2696	i018	1	13	3	0	methanol	-74.1	abs	1.3288	0.43	0.47	31.77	0	0	0.2209	103.606	59.287	42.534	79.432	0	0	0	0	0	0	0	2.823	27.997	0	2.376	3.318	0	0	0	0	0	0	0	0	0	0	0	0	0	0	0	165.715
i019methanol	2687	i019	1	13	3	0	methanol	-72.1	abs	1.3288	0.43	0.47	31.77	0	0	0.2209	119.602	62.286	55.811	81.009	0	0	0	0	0	0	0	2.616	25.304	0	2.387	3.068	0	0	0	0	0	0	0	0	0	0	0	0	0	0	0	184.504
i020methanol	2689	i020	1	13	3	0	methanol	-71.3	abs	1.3288	0.43	0.47	31.77	0	0	0.2209	125.243	61.575	57	79.45	0	0	0	0	0	0	0	2.817	27.976	0	2.371	3.316	0	0	0	0	0	0	0	0	0	0	0	0	0	0	0	189.636
i021acetonitrile	2756	i021	1	13	3	0	acetonitrile	-74.4	abs	1.3442	0.07	0.32	41.2511	0	0	0.1024	125.057	61.661	56.813	79.463	0	0	0	0	0	0	0	2.821	28.035	0	2.381	3.323	0	0	0	0	0	0	0	0	0	0	0	0	0	0	0	189.539
i021methanol	2693	i021	1	13	3	0	methanol	-71.7	abs	1.3288	0.43	0.47	31.77	0	0	0.2209	125.057	61.661	56.813	79.463	0	0	0	0	0	0	0	2.821	28.035	0	2.381	3.323	0	0	0	0	0	0	0	0	0	0	0	0	0	0	0	189.539
i024methanol	2700	i024	1	13	3	0	methanol	-63.5	abs	1.3288	0.43	0.47	31.77	0	0	0.2209	122.76	65.9	66.787	75.113	0	0	0	0	0	0	0	0.842	16.354	0	5.587	4.538	0	0	0	0	0	0	0	0	0	0	0	0	0	0	0	189.502
i029methanol	2685	i029	1	13	3	0	methanol	-69.6	abs	1.3288	0.43	0.47	31.77	0	0	0.2209	120.567	90.455	56.493	128.263	0	0	0	0	0	0	0	2.798	25.432	0	2.391	3.26	0	0	0	0	0	0	0	0	0	0	0	0	0	0	0	213.820
i032acetonitrile	2770	i032	1	13	3	0	acetonitrile	-71.0	abs	1.3442	0.07	0.32	41.2511	0	0	0.1024	126.644	21.451	67.558	19.018	0	0	0	0	0	0	0	1.362	18.069	0	4.252	9.96	0	0	0	0	0	0	0	0	0	0	0	0	0	0	0	149.457
i033acetonitrile	2768	i033	1	13	3	0	acetonitrile	-69.2	abs	1.3442	0.07	0.32	41.2511	0	0	0.1024	145.768	20.512	81.047	19.766	0	0	0	0	0	0	0	0.903	17.271	0	3.249	6.758	0	0	0	0	0	0	0	0	0	0	0	0	0	0	0	167.182
i033methanol	2701	i033	1	13	3	0	methanol	-62.9	abs	1.3288	0.43	0.47	31.77	0	0	0.2209	145.768	20.512	81.047	19.766	0	0	0	0	0	0	0	0.903	17.271	0	3.249	6.758	0	0	0	0	0	0	0	0	0	0	0	0	0	0	0	167.182
i036acetonitrile	2769	i036	1	13	3	0	acetonitrile	-66.7	abs	1.3442	0.07	0.32	41.2511	0	0	0.1024	78.815	57.713	43.719	60.755	0	0	0	0	0	0	0	5.15	9.778	0	11.588	16.809	0	0	0	0	0	0	0	0	0	0	0	0	0	0	0	141.678
i036dimethylsulfoxide	2851	i036	1	13	3	0	dimethylsulfoxide	-67.2	abs	1.417	0	0.88	61.7758	0	0	0.7744	78.815	57.713	43.719	60.755	0	0	0	0	0	0	0	5.15	9.778	0	11.588	16.809	0	0	0	0	0	0	0	0	0	0	0	0	0	0	0	141.678
i036methanol	2702	i036	1	13	3	0	methanol	-60.8	abs	1.3288	0.43	0.47	31.77	0	0	0.2209	78.815	57.713	43.719	60.755	0	0	0	0	0	0	0	5.15	9.778	0	11.588	16.809	0	0	0	0	0	0	0	0	0	0	0	0	0	0	0	141.678
i037methanol	2703	i037	1	13	3	0	methanol	-57.5	abs	1.3288	0.43	0.47	31.77	0	0	0.2209	100.096	88.587	59.096	113.813	0	0	0	0	0	0	0	5.138	8.723	0	8.864	16.26	0	0	0	0	0	0	0	0	0	0	0	0	0	0	0	193.821
i041dimethylsulfoxide	2802	i041	-1	13	3	0	dimethylsulfoxide	-54.9	abs	1.417	0	0.88	61.7758	0	0	0.7744	26.059	38.449	17.562	25.938	0	0	0	0	0	0	0	28.008	0	0	10.827	6.691	0	15.108	0	0	0	0	0	0	0	0	0	0	0	0	0	92.516
i043dimethylsulfoxide	2806	i043	-1	13	3	0	dimethylsulfoxide	-59.5	abs	1.417	0	0.88	61.7758	0	0	0.7744	13.936	21.825	0	0	0	0	0	0	0	0	0	48.722	9.62	0	44.449	12.997	0	14.971	0	0	0	0	0	0	0	0	0	0	0	0	0	84.483
i044dimethylsulfoxide	2804	i044	-1	13	3	0	dimethylsulfoxide	-52.9	abs	1.417	0	0.88	61.7758	0	0	0.7744	75.597	60.704	42.686	80.485	0	0	0	0	0	0	0	19.889	8.389	0	3.357	24.094	0	0	0	0	0	0	0	0	0	0	0	0	0	0	0	156.190
i045dimethylsulfoxide	2807	i045	-1	13	3	0	dimethylsulfoxide	-47.7	abs	1.417	0	0.88	61.7758	0	0	0.7744	120.655	114.53	81.32	152.538	0	0	0	0	0	0	0	11.396	0	0	5.467	34.521	0	0	0	0	0	0	0	0	0	0	0	0	0	0	0	246.580
i046dimethylsulfoxide	2846	i046	-1	13	7	0	dimethylsulfoxide	-54.0	abs	1.417	0	0.88	61.7758	0	0	0.7744	0	38.872	0	0	0	0	0	0	0	0	0	27.924	0	0	20.872	0	0	15.852	0	0	0	0	0	0	0	0	0	0	0	0	0	66.797
i047acetonitrile	2780	i047	1	13	7	0	acetonitrile	-89.3	abs	1.3442	0.07	0.32	41.2511	0	0	0.1024	61.314	0	0	0	0	0	0	0	0	0	0	7.007	42.276	0	0	0	0	0	0	0	0	0	0	0	0	0	0	0	0	0	0	68.321
i047dimethylsulfoxide	2852	i047	1	13	7	0	dimethylsulfoxide	-93.9	abs	1.417	0	0.88	61.7758	0	0	0.7744	61.314	0	0	0	0	0	0	0	0	0	0	7.007	42.276	0	0	0	0	0	0	0	0	0	0	0	0	0	0	0	0	0	0	68.321
i047methanol	2712	i047	1	13	7	0	methanol	-85.6	abs	1.3288	0.43	0.47	31.77	0	0	0.2209	61.314	0	0	0	0	0	0	0	0	0	0	7.007	42.276	0	0	0	0	0	0	0	0	0	0	0	0	0	0	0	0	0	0	68.321
i048acetonitrile	2763	i048	1	13	3	0	acetonitrile	-87.7	abs	1.3442	0.07	0.32	41.2511	0	0	0.1024	72.737	0	0	0	0	0	0	0	0	0	0	16.75	50.214	32.834	0	0	0	0	0	0	0	0	0	0	0	0	0	0	0	0	0	89.486
i050acetonitrile	2749	i050	1	13	2	0	acetonitrile	-92.1	abs	1.3442	0.07	0.32	41.2511	0	0	0.1024	67.637	12.05	26.129	0	0	11.196	20.221	14.178	0	0	0	0	0	0	0	0	0	0	0	0	0	0	0	0	0	0	0	0	0	0	0	90.883
i053acetonitrile	2748	i053	1	13	2	0	acetonitrile	-71.0	abs	1.3442	0.07	0.32	41.2511	0	0	0.1024	132.476	27.773	81.973	17.231	0	6.092	7.32	0	0	0	0	0	0	0	0	0	0	0	0	0	0	0	0	0	0	0	0	0	0	0	0	166.341
i054acetonitrile	2745	i054	1	13	2	0	acetonitrile	-77.5	abs	1.3442	0.07	0.32	41.2511	0	0	0.1024	86.579	25.006	49.774	20.212	0	17.385	8.628	0	8.467	0	0	0	0	0	0	0	0	0	0	0	0	0	0	0	0	0	0	0	0	0	0	128.971
i056acetonitrile	2746	i056	1	13	2	0	acetonitrile	-69.2	abs	1.3442	0.07	0.32	41.2511	0	0	0.1024	101.411	72.788	62.311	94.716	0	17.177	6.26	0	7.613	0	0	0	0	0	0	0	0	0	0	0	0	0	0	0	0	0	0	0	0	0	0	191.376
i059acetonitrile	2717	i059	-1	13	2	0	acetonitrile	-58.8	abs	1.3442	0.07	0.32	41.2511	0	0	0.1024	38.059	19.609	25.488	11.074	0	51.922	0	0	29.395	0	0	0	0	0	0	0	0	0	0	0	0	0	0	0	0	0	0	0	0	0	0	109.591
i059dimethylsulfoxide	2788	i059	-1	13	2	0	dimethylsulfoxide	-59.2	abs	1.417	0	0.88	61.7758	0	0	0.7744	38.059	19.609	25.488	11.074	0	51.922	0	0	29.395	0	0	0	0	0	0	0	0	0	0	0	0	0	0	0	0	0	0	0	0	0	0	109.591
i059methanol	2646	i059	-1	13	2	0	methanol	-72.9	abs	1.3288	0.43	0.47	31.77	0	0	0.2209	38.059	19.609	25.488	11.074	0	51.922	0	0	29.395	0	0	0	0	0	0	0	0	0	0	0	0	0	0	0	0	0	0	0	0	0	0	109.591
i060methanol	2659	i060	-1	13	2	0	methanol	-72.0	abs	1.3288	0.43	0.47	31.77	0	0	0.2209	59.972	23.428	40.156	16.605	0	48.471	0	0	27.317	0	0	0	0	0	0	0	0	0	0	0	0	0	0	0	0	0	0	0	0	0	0	131.871
i062methanol	2647	i062	-1	13	2	0	methanol	-68.8	abs	1.3288	0.43	0.47	31.77	0	0	0.2209	35.619	37.936	23.961	31.731	0.026	49.379	0	0	27.646	0	0	0	0	0	0	0	0	0	0	0	0	0	0	0	0	0	0	0	0	0	0	122.935
i064acetonitrile	2718	i064	-1	13	2	0	acetonitrile	-55.4	abs	1.3442	0.07	0.32	41.2511	0	0	0.1024	58.933	69.104	39.713	88.877	0	46.446	0	0	26.072	0	0	0	0	0	0	0	0	0	0	0	0	0	0	0	0	0	0	0	0	0	0	174.483
i064dimethylsulfoxide	2790	i064	-1	13	2	0	dimethylsulfoxide	-55.6	abs	1.417	0	0.88	61.7758	0	0	0.7744	58.933	69.104	39.713	88.877	0	46.446	0	0	26.072	0	0	0	0	0	0	0	0	0	0	0	0	0	0	0	0	0	0	0	0	0	0	174.483
i064methanol	2648	i064	-1	13	2	0	methanol	-67.5	abs	1.3288	0.43	0.47	31.77	0	0	0.2209	58.933	69.104	39.713	88.877	0	46.446	0	0	26.072	0	0	0	0	0	0	0	0	0	0	0	0	0	0	0	0	0	0	0	0	0	0	174.483
i065dimethylsulfoxide	2794	i065	-1	13	2	0	dimethylsulfoxide	-67.6	abs	1.417	0	0.88	61.7758	0	0	0.7744	42.662	11.153	27.13	0	0	27.609	0	0	13.118	0	0	0	0	0	0	0	0	0	0	0	0	0	0	0	0	0	0	0	0	0	0	81.424
i066dimethylsulfoxide	2792	i066	-1	13	2	0	dimethylsulfoxide	-64.6	abs	1.417	0	0.88	61.7758	0	0	0.7744	65.486	15.861	43.007	9.07	0	26.314	0	0	12.23	0	0	0	0	0	0	0	0	0	0	0	0	0	0	0	0	0	0	0	0	0	0	107.661
i068dimethylsulfoxide	2793	i068	-1	13	2	0	dimethylsulfoxide	-60.0	abs	1.417	0	0.88	61.7758	0	0	0.7744	86.694	19.577	57.635	12.764	0	24.995	0	0	11.353	0	0	0	0	0	0	0	0	0	0	0	0	0	0	0	0	0	0	0	0	0	0	131.266
i070dimethylsulfoxide	2797	i070	-1	13	2	0	dimethylsulfoxide	-56.1	abs	1.417	0	0.88	61.7758	0	0	0.7744	106.018	22.473	70.925	13.063	0	23.661	0	0	10.431	0	0	0	0	0	0	0	0	0	0	0	0	0	0	0	0	0	0	0	0	0	0	152.151
i074acetonitrile	2722	i074	-1	13	2	0	acetonitrile	-55.1	abs	1.3442	0.07	0.32	41.2511	0	0	0.1024	64.54	61.361	43.441	81.282	0	26.057	0	0	14.39	0	0	0	0	0	0	0	0	0	0	0	0	0	0	0	0	0	0	0	0	0	0	151.957
i074dimethylsulfoxide	2796	i074	-1	13	2	0	dimethylsulfoxide	-54.2	abs	1.417	0	0.88	61.7758	0	0	0.7744	64.54	61.361	43.441	81.282	0	26.057	0	0	14.39	0	0	0	0	0	0	0	0	0	0	0	0	0	0	0	0	0	0	0	0	0	0	151.957
i074methanol	2657	i074	-1	13	2	0	methanol	-69.3	abs	1.3288	0.43	0.47	31.77	0	0	0.2209	64.54	61.361	43.441	81.282	0	26.057	0	0	14.39	0	0	0	0	0	0	0	0	0	0	0	0	0	0	0	0	0	0	0	0	0	0	151.957
i079methanol	2634	i079	-1	13	2	0	methanol	-70.0	abs	1.3288	0.43	0.47	31.77	0	0	0.2209	81.425	68.392	54.686	75.423	0	32.888	0.09	0	10.92	0	0	0	0	0	0	0	0	0	0	0	0	0	0	0	0	0	0	0	0	0	0	182.704
i085dimethylsulfoxide	2789	i085	-1	13	2	0	dimethylsulfoxide	-60.4	abs	1.417	0	0.88	61.7758	0	0	0.7744	61.479	34.105	41.249	26.33	0	25.982	0	0	14.088	0	0	0	0	0	0	0	0	0	0	0	0	0	0	0	0	0	0	0	0	0	0	121.566
i086dimethylsulfoxide	2787	i086	-1	13	2	0	dimethylsulfoxide	-59.0	abs	1.417	0	0.88	61.7758	0	0	0.7744	105.979	41.208	70.905	39.455	0	20.052	0	0	10.37	0	0	0	0	0	0	0	0	0	0	0	0	0	0	0	0	0	0	0	0	0	0	167.239
i089dimethylsulfoxide	2848	i089	-1	13	7	0	dimethylsulfoxide	-77.0	abs	1.417	0	0.88	61.7758	0	0	0.7744	15.636	0	0	0	0	35.977	10.905	0	0	0	0	0	0	0	0	0	0	0	0	0	0	0	0	0	0	0	0	0	0	0	0	51.613
i093methanol	2707	i093	1	13	4	0	methanol	-72.1	abs	1.3288	0.43	0.47	31.77	0	0	0.2209	122.065	62.569	54.813	70.753	0	12.545	0	0	3.885	0	0	2.794	28.07	0	2.402	3.289	0	0	0	0	0	0	0	0	0	0	0	0	0	0	0	199.974
i094methanol	2708	i094	1	13	4	0	methanol	-75.3	abs	1.3288	0.43	0.47	31.77	0	0	0.2209	84.847	53.896	29.877	72.309	0	48.614	0	0	0	0	0	7.121	27.99	0	5.018	8.377	0	0	29.209	0	0	0	0	0	0	0	0	0	0	0	0	194.478
i095acetonitrile	2777	i095	1	13	4	0	acetonitrile	-74.1	abs	1.3442	0.07	0.32	41.2511	0	0	0.1024	122.095	19.444	64.973	11.876	0	13.978	0	0	0	0	0	0.962	17.48	0	3.466	7.208	0	0	0	0	0	0	0	0	0	0	0	0	0	0	0	156.479
i099acetonitrile	2776	i099	1	13	4	0	acetonitrile	-69.7	abs	1.3442	0.07	0.32	41.2511	0	0	0.1024	95.883	65.709	40.004	86.012	0	15.091	8.886	0	5.946	0	0	9.548	16.7	0	3.823	12.756	4.589	0	0	0	0	0	0	0	0	0	0	0	0	0	0	186.231
i101acetonitrile	2726	i101	-1	13	4	0	acetonitrile	-46.7	abs	1.3442	0.07	0.32	41.2511	0	0	0.1024	45.982	55.859	31.026	73.999	0	74.968	0	0	14.678	0	0	4.238	0	0	2.697	5.037	0	0	29.058	0	0	0	0	0	0	0	0	0	0	0	0	181.047
i101methanol	2664	i101	-1	13	4	0	methanol	-58.9	abs	1.3288	0.43	0.47	31.77	0	0	0.2209	45.982	55.859	31.026	73.999	0	74.968	0	0	14.678	0	0	4.238	0	0	2.697	5.037	0	0	29.058	0	0	0	0	0	0	0	0	0	0	0	0	181.047
i102acetonitrile	2729	i102	-1	13	4	0	acetonitrile	-45.0	abs	1.3442	0.07	0.32	41.2511	0	0	0.1024	45.592	56.018	30.756	74.194	0	74.985	0	0	14.759	0	0	4.121	0	0	2.909	4.986	0	0	28.84	0	0	0	0	0	0	0	0	0	0	0	0	180.717
i102dimethylsulfoxide	2822	i102	-1	13	4	0	dimethylsulfoxide	-45.4	abs	1.417	0	0.88	61.7758	0	0	0.7744	45.592	56.018	30.756	74.194	0	74.985	0	0	14.759	0	0	4.121	0	0	2.909	4.986	0	0	28.84	0	0	0	0	0	0	0	0	0	0	0	0	180.717
i102methanol	2667	i102	-1	13	4	0	methanol	-54.1	abs	1.3288	0.43	0.47	31.77	0	0	0.2209	45.592	56.018	30.756	74.194	0	74.985	0	0	14.759	0	0	4.121	0	0	2.909	4.986	0	0	28.84	0	0	0	0	0	0	0	0	0	0	0	0	180.717
i103dimethylsulfoxide	2827	i103	-1	13	4	0	dimethylsulfoxide	-61.3	abs	1.417	0	0.88	61.7758	0	0	0.7744	24.843	18.936	16.799	0	0	54.834	0	0	0	0	0	4.014	0	0	8.791	5.343	0	0	31.408	0	0	0	0	0	0	0	0	0	0	0	0	102.627
i104dimethylsulfoxide	2820	i104	-1	13	4	0	dimethylsulfoxide	-47.4	abs	1.417	0	0.88	61.7758	0	0	0.7744	56.673	55.294	30.022	73.321	0	49.149	0	0	0	0	0	23.809	8.387	0	6.322	28.781	0	0	28.801	0	0	0	0	0	0	0	0	0	0	0	0	184.926
i105dimethylsulfoxide	2823	i105	-1	13	4	0	dimethylsulfoxide	-58.0	abs	1.417	0	0.88	61.7758	0	0	0.7744	50.982	18.385	25.275	10.876	0	25.726	0	0	13.967	0	0	19.369	9.117	0	4.029	23.812	9.516	0	0	0	0	0	0	0	0	0	0	0	0	0	0	114.461
i110dimethylsulfoxide	2837	i110	-1	13	5	0	dimethylsulfoxide	-53.8	abs	1.417	0	0.88	61.7758	0	0	0.7744	63.365	59.398	42.705	79.151	0	0	0	0	0	0	0	0	0	0	0	0	0	0	0	0	0	0	41.489	0	0	0	0	0	0	0	0	164.252
i112acetonitrile	2778	i112	1	13	5	0	acetonitrile	-73.5	abs	1.3442	0.07	0.32	41.2511	0	0	0.1024	86.502	18.591	48.826	0	0	16.877	9.713	0	0	0	0	0	0	0	0	0	0	0	0	0	0	0	17.325	5.836	0	0	0	0	0	0	7.232	139.295
i113dimethylsulfoxide	2833	i113	-1	13	5	0	dimethylsulfoxide	-55.4	abs	1.417	0	0.88	61.7758	0	0	0.7744	63.478	27.283	42.581	0	0	25.255	0	0	0	0	0	0	0	0	0	0	0	0	0	0	0	0	17.364	0.143	0	0	0	0	0	0	12.948	133.380
i115acetonitrile	2741	i115	-1	13	7	0	acetonitrile	-62.4	abs	1.3442	0.07	0.32	41.2511	0	0	0.1024	0	0	0	0	0	0	0	0	0	0	0	0	0	0	0	0	0	0	0	0	58.088	0	0	0	0	0	0	0	0	0	0	58.088
i115dimethylsulfoxide	2845	i115	-1	13	7	0	dimethylsulfoxide	-62.7	abs	1.417	0	0.88	61.7758	0	0	0.7744	0	0	0	0	0	0	0	0	0	0	0	0	0	0	0	0	0	0	0	0	58.088	0	0	0	0	0	0	0	0	0	0	58.088
i115methanol	2683	i115	-1	13	7	0	methanol	-71.5	abs	1.3288	0.43	0.47	31.77	0	0	0.2209	0	0	0	0	0	0	0	0	0	0	0	0	0	0	0	0	0	0	0	0	58.088	0	0	0	0	0	0	0	0	0	0	58.088
i116acetonitrile	2740	i116	-1	13	7	0	acetonitrile	-59.3	abs	1.3442	0.07	0.32	41.2511	0	0	0.1024	0	0	0	0	0	0	0	0	0	0	0	0	0	0	0	0	0	0	0	0	0	63.617	0	0	0	0	0	0	0	0	0	63.617
i116dimethylsulfoxide	2844	i116	-1	13	7	0	dimethylsulfoxide	-57.8	abs	1.417	0	0.88	61.7758	0	0	0.7744	0	0	0	0	0	0	0	0	0	0	0	0	0	0	0	0	0	0	0	0	0	63.617	0	0	0	0	0	0	0	0	0	63.617
i116methanol	2682	i116	-1	13	7	0	methanol	-65.8	abs	1.3288	0.43	0.47	31.77	0	0	0.2209	0	0	0	0	0	0	0	0	0	0	0	0	0	0	0	0	0	0	0	0	0	63.617	0	0	0	0	0	0	0	0	0	63.617
i119acetonitrile	2737	i119	-1	13	6	0	acetonitrile	-54.6	abs	1.3442	0.07	0.32	41.2511	0	0	0.1024	24.602	14.589	16.538	8.258	0	50.049	0	0	29.044	0	0	0	0	0	0	0	0	0	0	0	39.927	0	0	0	0	0	0	0	0	0	0	129.167
i119methanol	2679	i119	-1	13	6	0	methanol	-64.7	abs	1.3288	0.43	0.47	31.77	0	0	0.2209	24.602	14.589	16.538	8.258	0	50.049	0	0	29.044	0	0	0	0	0	0	0	0	0	0	0	39.927	0	0	0	0	0	0	0	0	0	0	129.167
i120acetonitrile	2738	i120	-1	13	6	0	acetonitrile	-51.2	abs	1.3442	0.07	0.32	41.2511	0	0	0.1024	11.627	10.833	7.831	5.792	0	48.946	0	0	29.074	0	0	0	0	0	0	0	0	0	0	0	76.107	0	0	0	0	0	0	0	0	0	0	147.513
i120dimethylsulfoxide	2841	i120	-1	13	6	0	dimethylsulfoxide	-49.2	abs	1.417	0	0.88	61.7758	0	0	0.7744	11.627	10.833	7.831	5.792	0	48.946	0	0	29.074	0	0	0	0	0	0	0	0	0	0	0	76.107	0	0	0	0	0	0	0	0	0	0	147.513
i120methanol	2680	i120	-1	13	6	0	methanol	-59.3	abs	1.3288	0.43	0.47	31.77	0	0	0.2209	11.627	10.833	7.831	5.792	0	48.946	0	0	29.074	0	0	0	0	0	0	0	0	0	0	0	76.107	0	0	0	0	0	0	0	0	0	0	147.513
i121dimethylsulfoxide	2838	i121	-1	13	6	0	dimethylsulfoxide	-56.1	abs	1.417	0	0.88	61.7758	0	0	0.7744	25.3	6.536	16.244	3.946	0	25.513	0	0	11.861	0	0	0	0	0	0	0	0	0	0	69.019	0	0	0	0	0	0	0	0	0	0	0	126.368
i123methanol	2670	i123	-1	13	6	0	methanol	-64.2	abs	1.3288	0.43	0.47	31.77	0	0	0.2209	50.727	56.394	34.179	74.774	0	24.387	0	0	13.884	0	0	0	0	0	0	0	0	0	0	0	37.993	0	0	0	0	0	0	0	0	0	0	169.501
i125methanol	2710	i125	1	13	6	0	methanol	-76.0	abs	1.3288	0.43	0.47	31.77	0	0	0.2209	89.102	53.336	32.735	71.489	0	0	0	0	0	0	0	2.819	28.008	0	2.38	3.324	0	0	0	0	38.789	0	0	0	0	0	0	0	0	0	0	184.046
i126methanol	2711	i126	1	13	6	0	methanol	-75.5	abs	1.3288	0.43	0.47	31.77	0	0	0.2209	89.196	53.312	32.758	71.467	0	0	0	0	0	0	0	2.812	28.048	0	2.387	3.311	0	0	0	0	38.777	0	0	0	0	0	0	0	0	0	0	184.097
i130methanol	2684	i130	1	13	3	0	methanol	-56.3	abs	1.3288	0.43	0.47	31.77	0	0	0.2209	159.979	27.253	100.632	18.706	0	0	0	0	0	0	0	0.056	6.958	0	5.92	0.743	0	0	0	0	0	0	0	0	0	0	0	0	0	0	0	187.289
i132acetonitrile	2755	i132	1	13	3	0	acetonitrile	-61.9	abs	1.3442	0.07	0.32	41.2511	0	0	0.1024	122.214	62.292	73.631	65.577	0	0	0	0	0	0	0	5.099	8.814	0	8.769	15.883	0	0	0	0	0	0	0	0	0	0	0	0	0	0	0	189.605
i133methanol	2686	i133	1	13	3	0	methanol	-55.6	abs	1.3288	0.43	0.47	31.77	0	0	0.2209	121.81	62.813	74.415	70.965	0	0	0	0	0	0	0	5.005	7.73	0	6.036	14.777	0	0	0	0	0	0	0	0	0	0	0	0	0	0	0	189.629
i140methanol	2688	i140	1	13	3	0	methanol	-57.7	abs	1.3288	0.43	0.47	31.77	0	0	0.2209	100.312	60.273	59.041	65.891	0	0	0	0	0	0	0	5.077	8.781	0	8.796	15.779	0	0	0	0	0	0	0	0	0	0	0	0	0	0	0	165.663
i141methanol	2709	i141	1	13	6	0	methanol	-75.2	abs	1.3288	0.43	0.47	31.77	0	0	0.2209	88.714	53.003	32.509	71.025	0	0	0	0	0	0	0	2.831	27.97	0	2.378	3.336	0	0	0	0	0	44.466	0	0	0	0	0	0	0	0	0	189.014
i144methanol	2706	i144	1	13	4	0	methanol	-68.0	abs	1.3288	0.43	0.47	31.77	0	0	0.2209	121.615	62.693	54.674	70.978	0	12.567	0	0	3.751	0	0	2.809	27.905	0	2.369	3.309	0	0	0	0	0	0	0	0	0	0	0	0	0	0	0	199.683
i145methanol	2690	i145	1	13	3	0	methanol	-58.5	abs	1.3288	0.43	0.47	31.77	0	0	0.2209	100.999	59.764	58.549	61.019	0	0	0	0	0	0	0	5.13	9.76	0	11.138	16.722	0	0	0	0	0	0	0	0	0	0	0	0	0	0	0	165.893
i148methanol	2691	i148	1	13	3	0	methanol	-72.1	abs	1.3288	0.43	0.47	31.77	0	0	0.2209	64.646	68.358	34.132	66.805	0	0	0	0	0	0	0	32.919	9.79	0	21.004	23.151	0	17.007	0	0	0	0	0	0	0	0	0	0	0	0	0	165.923
i149methanol	2692	i149	1	13	3	0	methanol	-57.6	abs	1.3288	0.43	0.47	31.77	0	0	0.2209	121.331	60.827	72.1	62.286	0	0	0	0	0	0	0	5.186	9.812	0	11.536	16.975	0	0	0	0	0	0	0	0	0	0	0	0	0	0	0	187.344
i150acetonitrile	2743	i150	1	13	2	0	acetonitrile	-75.4	abs	1.3442	0.07	0.32	41.2511	0	0	0.1024	106.446	69.009	54.778	87.239	0	30.312	17.658	0	12.563	0	0	0	0	0	0	0	0	0	0	0	0	0	0	0	0	0	0	0	0	0	0	205.767
i151methanol	2694	i151	1	13	3	0	methanol	-58.1	abs	1.3288	0.43	0.47	31.77	0	0	0.2209	100.862	59.637	58.409	60.369	0	0	0	0	0	0	0	5.181	9.809	0	11.543	16.955	0	0	0	0	0	0	0	0	0	0	0	0	0	0	0	165.681
i153methanol	2695	i153	1	13	3	0	methanol	-62.3	abs	1.3288	0.43	0.47	31.77	0	0	0.2209	118.172	105.646	70.248	131.792	0	0	0	0	0	0	0	5.216	9.829	0	11.474	17.096	0	0	0	0	0	0	0	0	0	0	0	0	0	0	0	229.034
i154acetonitrile	2744	i154	1	13	2	0	acetonitrile	-85.9	abs	1.3442	0.07	0.32	41.2511	0	0	0.1024	62.179	17.336	24.747	10.967	0	36.367	17.775	0	17.426	0	0	0	0	0	0	0	0	0	0	0	0	0	0	0	0	0	0	0	0	0	0	115.882
i157acetonitrile	2747	i157	1	13	2	0	acetonitrile	-78.3	abs	1.3442	0.07	0.32	41.2511	0	0	0.1024	84.878	66.897	40.32	87.355	0	30.16	17.724	0	12.777	0	0	0	0	0	0	0	0	0	0	0	0	0	0	0	0	0	0	0	0	0	0	181.935
i158acetonitrile	2758	i158	1	13	3	0	acetonitrile	-78.2	abs	1.3442	0.07	0.32	41.2511	0	0	0.1024	126.643	60.194	57.973	79.935	0	0	0	0	0	0	0	2.883	28.039	0	1.667	8.739	0	0	0	0	0	0	0	0	0	0	0	0	0	0	0	189.720
i159acetonitrile	2760	i159	1	13	3	0	acetonitrile	-65.4	abs	1.3442	0.07	0.32	41.2511	0	0	0.1024	218.547	37.174	135.881	24.842	0	0	0	0	0	0	0	0.259	11.035	0	1.858	1.946	0	0	0	0	0	0	0	0	0	0	0	0	0	0	0	255.980
i161acetonitrile	2761	i161	1	13	3	0	acetonitrile	-64.8	abs	1.3442	0.07	0.32	41.2511	0	0	0.1024	231.57	36.822	140.61	30.326	0	0	0	0	0	0	0	0.332	15.147	0	2.234	2.499	0	0	0	0	0	0	0	0	0	0	0	0	0	0	0	268.724
i163acetonitrile	2762	i163	1	13	3	0	acetonitrile	-76.8	abs	1.3442	0.07	0.32	41.2511	0	0	0.1024	104.68	14.039	42.417	8.637	0	0	0	0	0	0	0	2.749	28.649	0	1.836	8.325	0	0	0	0	0	0	0	0	0	0	0	0	0	0	0	121.469
i163methanol	2697	i163	1	13	3	0	methanol	-71.0	abs	1.3288	0.43	0.47	31.77	0	0	0.2209	104.68	14.039	42.417	8.637	0	0	0	0	0	0	0	2.749	28.649	0	1.836	8.325	0	0	0	0	0	0	0	0	0	0	0	0	0	0	0	121.469
i164acetonitrile	2781	i164	1	13	7	0	acetonitrile	-100.2	abs	1.3442	0.07	0.32	41.2511	0	0	0.1024	44.159	0	0	0	0	0	0	0	0	0	0	0	0	0	0	0	0	0	0	0	0	0	32.459	33.272	0	0	0	0	0	0	0	76.618
i165acetonitrile	2764	i165	1	13	3	0	acetonitrile	-73.5	abs	1.3442	0.07	0.32	41.2511	0	0	0.1024	139.749	19.413	69.758	13.02	0	0	0	0	0	0	0	2.693	24.694	0	1.471	8.123	0	0	0	0	0	0	0	0	0	0	0	0	0	0	0	161.855
i167acetonitrile	2750	i167	1	13	2	0	acetonitrile	-70.4	abs	1.3442	0.07	0.32	41.2511	0	0	0.1024	111.33	67.865	66.781	76.219	0	6.489	8.657	0	0	0	0	0	0	0	0	0	0	0	0	0	0	0	0	0	0	0	0	0	0	0	0	185.684
i175acetonitrile	2751	i175	1	13	2	0	acetonitrile	-85.2	abs	1.3442	0.07	0.32	41.2511	0	0	0.1024	134.217	19.838	72.274	16.164	0	11.331	18.613	13.057	0	0	0	0	0	0	0	0	0	0	0	0	0	0	0	0	0	0	0	0	0	0	0	165.386
i176acetonitrile	2766	i176	1	13	3	0	acetonitrile	-75.7	abs	1.3442	0.07	0.32	41.2511	0	0	0.1024	148.602	19.269	71.962	15.712	0	0	0	0	0	0	0	2.78	28.529	0	1.401	8.389	0	0	0	0	0	0	0	0	0	0	0	0	0	0	0	170.651
i176methanol	2699	i176	1	13	3	0	methanol	-70.8	abs	1.3288	0.43	0.47	31.77	0	0	0.2209	148.602	19.269	71.962	15.712	0	0	0	0	0	0	0	2.78	28.529	0	1.401	8.389	0	0	0	0	0	0	0	0	0	0	0	0	0	0	0	170.651
i178acetonitrile	2752	i178	1	13	2	0	acetonitrile	-78.1	abs	1.3442	0.07	0.32	41.2511	0	0	0.1024	92.059	59.717	43.245	80.041	0	9.888	19.642	13.772	0	0	0	0	0	0	0	0	0	0	0	0	0	0	0	0	0	0	0	0	0	0	0	161.664
i179acetonitrile	2753	i179	1	13	2	0	acetonitrile	-82.4	abs	1.3442	0.07	0.32	41.2511	0	0	0.1024	128.526	20.518	70.536	12.812	0	9.599	16.439	11.547	0	0	0	0	0	0	0	0	0	0	0	0	0	0	0	0	0	0	0	0	0	0	0	158.643
i180acetonitrile	2754	i180	1	13	2	0	acetonitrile	-74.7	abs	1.3442	0.07	0.32	41.2511	0	0	0.1024	114.17	22.45	68.079	19.738	0	8.189	9.086	0	0	0	0	0	0	0	0	0	0	0	0	0	0	0	0	0	0	0	0	0	0	0	0	144.810
i181acetonitrile	2779	i181	1	13	5	0	acetonitrile	-73.6	abs	1.3442	0.07	0.32	41.2511	0	0	0.1024	75.726	15.846	24.614	9.933	0	0	0	0	0	0	0	9.736	18.431	0	3.332	12.254	0	0	0	0	0	0	32.771	9.444	0	0	0	0	0	0	0	134.079
i184acetonitrile	2774	i184	1	13	3	0	acetonitrile	-57.4	abs	1.3442	0.07	0.32	41.2511	0	0	0.1024	298.419	51.21	194.476	42.134	0	0	0	0	0	0	0	0.008	5.875	0	2.375	0.105	0	0	0	0	0	0	0	0	0	0	0	0	0	0	0	349.637
i186dimethylsulfoxide	2798	i186	-1	13	3	0	dimethylsulfoxide	-56.7	abs	1.417	0	0.88	61.7758	0	0	0.7744	26	28.425	17.543	19.059	0	0	0	0	0	0	0	53.533	0	0	13.149	45.874	0	0	0	0	0	0	0	0	0	0	0	0	0	0	0	107.958
i187dimethylsulfoxide	2799	i187	-1	13	3	0	dimethylsulfoxide	-57.2	abs	1.417	0	0.88	61.7758	0	0	0.7744	26.07	29.576	17.566	0.38	0	0	0	0	0	0	0	52.16	0	0	55.17	105.886	0	0	0	0	0	0	0	0	0	0	0	0	0	0	0	107.806
i189acetonitrile	2713	i189	-1	13	2	0	acetonitrile	-54.4	abs	1.3442	0.07	0.32	41.2511	0	0	0.1024	119.616	75.147	80.192	89.288	0	42.14	0	0	23.514	0	0	0	0	0	0	0	0	0	0	0	0	0	0	0	0	0	0	0	0	0	0	236.903
i191acetonitrile	2723	i191	-1	13	4	0	acetonitrile	-36.0	abs	1.3442	0.07	0.32	41.2511	0	0	0.1024	29.964	50.905	20.235	67.344	0	119.12	0	0	13.192	0	0	8.318	0	0	5.72	9.807	0	0	57.269	0	0	0	0	0	0	0	0	0	0	0	0	208.307
i191dimethylsulfoxide	2814	i191	-1	13	4	0	dimethylsulfoxide	-38.0	abs	1.417	0	0.88	61.7758	0	0	0.7744	29.964	50.905	20.235	67.344	0	119.12	0	0	13.192	0	0	8.318	0	0	5.72	9.807	0	0	57.269	0	0	0	0	0	0	0	0	0	0	0	0	208.307
i191methanol	2660	i191	-1	13	4	0	methanol	-43.9	abs	1.3288	0.43	0.47	31.77	0	0	0.2209	29.964	50.905	20.235	67.344	0	119.12	0	0	13.192	0	0	8.318	0	0	5.72	9.807	0	0	57.269	0	0	0	0	0	0	0	0	0	0	0	0	208.307
i194acetonitrile	2733	i194	-1	13	6	0	acetonitrile	-53.5	abs	1.3442	0.07	0.32	41.2511	0	0	0.1024	46.765	64.357	31.533	82.337	0	43.743	0	0	25.016	0	0	0	0	0	0	0	0	0	0	0	34.811	0	0	0	0	0	0	0	0	0	0	189.677
i194dimethylsulfoxide	2839	i194	-1	13	6	0	dimethylsulfoxide	-53.6	abs	1.417	0	0.88	61.7758	0	0	0.7744	46.765	64.357	31.533	82.337	0	43.743	0	0	25.016	0	0	0	0	0	0	0	0	0	0	0	34.811	0	0	0	0	0	0	0	0	0	0	189.677
i194methanol	2669	i194	-1	13	6	0	methanol	-64.1	abs	1.3288	0.43	0.47	31.77	0	0	0.2209	46.765	64.357	31.533	82.337	0	43.743	0	0	25.016	0	0	0	0	0	0	0	0	0	0	0	34.811	0	0	0	0	0	0	0	0	0	0	189.677
i197methanol	2671	i197	-1	13	6	0	methanol	-67.5	abs	1.3288	0.43	0.47	31.77	0	0	0.2209	47.793	65.811	32.221	84.366	0	45.354	0	0	25.773	0	0	0	0	0	0	0	0	0	0	20.959	0	0	0	0	0	0	0	0	0	0	0	179.917
i198methanol	2672	i198	-1	13	6	0	methanol	-66.0	abs	1.3288	0.43	0.47	31.77	0	0	0.2209	51.339	57.989	34.578	76.882	0	25.319	0	0	14.114	0	0	0	0	0	0	0	0	0	0	23.686	0	0	0	0	0	0	0	0	0	0	0	158.333
i199acetonitrile	2714	i199	-1	13	2	0	acetonitrile	-46.5	abs	1.3442	0.07	0.32	41.2511	0	0	0.1024	52.362	64.371	32.951	83.206	0	63.275	4.178	0	30.53	0	0	0	0	0	0	0	0	0	0	0	0	0	0	0	0	0	0	0	0	0	0	180.008
i199methanol	2633	i199	-1	13	2	0	methanol	-55.4	abs	1.3288	0.43	0.47	31.77	0	0	0.2209	52.362	64.371	32.951	83.206	0	63.275	4.178	0	30.53	0	0	0	0	0	0	0	0	0	0	0	0	0	0	0	0	0	0	0	0	0	0	180.008
i200dimethylsulfoxide	2783	i200	-1	13	2	0	dimethylsulfoxide	-58.7	abs	1.417	0	0.88	61.7758	0	0	0.7744	90.375	78.891	60.801	111.055	0	26.67	0	0	15.556	0	0	0	0	0	0	0	0	0	0	0	0	0	0	0	0	0	0	0	0	0	0	195.936
i201dimethylsulfoxide	2815	i201	-1	13	4	0	dimethylsulfoxide	-59.5	abs	1.417	0	0.88	61.7758	0	0	0.7744	71.13	22.393	39.865	7.059	0	36.653	0	0	14.105	0	0	20.836	7.818	0	4.255	24.957	10.296	0	0	0	0	0	0	0	0	0	0	0	0	0	0	151.013
i204dimethylsulfoxide	2816	i204	-1	13	4	0	dimethylsulfoxide	-51.8	abs	1.417	0	0.88	61.7758	0	0	0.7744	85.863	92.218	57.826	129.701	0	25.956	0	0	14.543	0	0	0	0	0	0	0	0	0	0	0	0	0	0	0	0	0	0	0	0	0	0	204.037
i205acetonitrile	2724	i205	-1	13	4	0	acetonitrile	-51.9	abs	1.3442	0.07	0.32	41.2511	0	0	0.1024	47.777	61.864	32.218	79.314	0	92.932	0	0	24.148	0	0	0.915	0	0	1.736	1.088	0	0	30.128	0	0	0	0	0	0	0	0	0	0	0	0	203.487
i205dimethylsulfoxide	2817	i205	-1	13	4	0	dimethylsulfoxide	-52.6	abs	1.417	0	0.88	61.7758	0	0	0.7744	47.777	61.864	32.218	79.314	0	92.932	0	0	24.148	0	0	0.915	0	0	1.736	1.088	0	0	30.128	0	0	0	0	0	0	0	0	0	0	0	0	203.487
i205methanol	2661	i205	-1	13	4	0	methanol	-62.2	abs	1.3288	0.43	0.47	31.77	0	0	0.2209	47.777	61.864	32.218	79.314	0	92.932	0	0	24.148	0	0	0.915	0	0	1.736	1.088	0	0	30.128	0	0	0	0	0	0	0	0	0	0	0	0	203.487
i206dimethylsulfoxide	2818	i206	-1	13	4	0	dimethylsulfoxide	-59.9	abs	1.417	0	0.88	61.7758	0	0	0.7744	69.941	25.468	46.656	20.365	0	48.322	0	0	0	0	0	4.043	0	0	3.134	4.466	0	0	27.558	0	0	0	0	0	0	0	0	0	0	0	0	147.773
i207methanol	2635	i207	-1	13	2	0	methanol	-61.6	abs	1.3288	0.43	0.47	31.77	0	0	0.2209	139.086	70.556	93.376	81.592	0	18.96	0	0	10.236	0	0	0	0	0	0	0	0	0	0	0	0	0	0	0	0	0	0	0	0	0	0	228.601
i208acetonitrile	2734	i208	-1	13	6	0	acetonitrile	-43.8	abs	1.3442	0.07	0.32	41.2511	0	0	0.1024	23.727	45.677	16.03	60.455	0	26.052	0	0	14.894	0	0	0	0	0	0	0	0	0	0	0	107.709	0	0	0	0	0	0	0	0	0	0	203.165
i209acetonitrile	2715	i209	-1	13	2	0	acetonitrile	-59.7	abs	1.3442	0.07	0.32	41.2511	0	0	0.1024	97.307	73.469	65.292	89.713	0	46.499	0	0	26.089	0	0	0	0	0	0	0	0	0	0	0	0	0	0	0	0	0	0	0	0	0	0	217.275
i209dimethylsulfoxide	2784	i209	-1	13	2	0	dimethylsulfoxide	-59.8	abs	1.417	0	0.88	61.7758	0	0	0.7744	97.307	73.469	65.292	89.713	0	46.499	0	0	26.089	0	0	0	0	0	0	0	0	0	0	0	0	0	0	0	0	0	0	0	0	0	0	217.275
i209methanol	2636	i209	-1	13	2	0	methanol	-72.1	abs	1.3288	0.43	0.47	31.77	0	0	0.2209	97.307	73.469	65.292	89.713	0	46.499	0	0	26.089	0	0	0	0	0	0	0	0	0	0	0	0	0	0	0	0	0	0	0	0	0	0	217.275
i211dimethylsulfoxide	2819	i211	-1	13	4	0	dimethylsulfoxide	-59.5	abs	1.417	0	0.88	61.7758	0	0	0.7744	69.581	63.115	29.699	80.838	0	46.426	0	0	26.057	0	0	12.072	17.698	0	2.766	14.766	0	0	0	0	0	0	0	0	0	0	0	0	0	0	0	191.195
i212dimethylsulfoxide	2800	i212	-1	13	3	0	dimethylsulfoxide	-51.5	abs	1.417	0	0.88	61.7758	0	0	0.7744	62.593	52.768	33.956	53.652	0	0	0	0	0	0	0	34.424	8.345	0	14.809	69.751	0	0	0	0	0	0	0	0	0	0	0	0	0	0	0	149.785
i213methanol	2673	i213	-1	13	6	0	methanol	-63.9	abs	1.3288	0.43	0.47	31.77	0	0	0.2209	44.591	63.123	30.08	80.892	0	46.31	0	0	26.169	0	0	0	0	0	0	0	0	0	0	0	39.267	0	0	0	0	0	0	0	0	0	0	193.291
i215acetonitrile	2735	i215	-1	13	6	0	acetonitrile	-50.6	abs	1.3442	0.07	0.32	41.2511	0	0	0.1024	49.885	55.656	33.642	73.734	0	26.044	0	0	14.634	0	0	0	0	0	0	0	0	0	0	0	39.157	0	0	0	0	0	0	0	0	0	0	170.742
i215methanol	2674	i215	-1	13	6	0	methanol	-64.0	abs	1.3288	0.43	0.47	31.77	0	0	0.2209	49.885	55.656	33.642	73.734	0	26.044	0	0	14.634	0	0	0	0	0	0	0	0	0	0	0	39.157	0	0	0	0	0	0	0	0	0	0	170.742
i217methanol	2662	i217	-1	13	4	0	methanol	-59.0	abs	1.3288	0.43	0.47	31.77	0	0	0.2209	44.678	79.886	30.127	94.872	0	46.279	0	0	26.162	0	0	27.787	0	0	9.499	6.235	0	16.874	0	0	0	0	0	0	0	0	0	0	0	0	0	198.631
i218dimethylsulfoxide	2785	i218	-1	13	2	0	dimethylsulfoxide	-56.5	abs	1.417	0	0.88	61.7758	0	0	0.7744	56.009	63.955	29.875	81.99	0	65.587	8.257	0	27.824	0	0	0	0	0	0	0	0	0	0	0	0	0	0	0	0	0	0	0	0	0	0	185.551
i218methanol	2637	i218	-1	13	2	0	methanol	-68.4	abs	1.3288	0.43	0.47	31.77	0	0	0.2209	56.009	63.955	29.875	81.99	0	65.587	8.257	0	27.824	0	0	0	0	0	0	0	0	0	0	0	0	0	0	0	0	0	0	0	0	0	0	185.551
i219dimethylsulfoxide	2786	i219	-1	13	2	0	dimethylsulfoxide	-56.1	abs	1.417	0	0.88	61.7758	0	0	0.7744	81.204	71.097	54.568	88.516	0	46.446	0	0	26.068	0	0	0	0	0	0	0	0	0	0	0	0	0	0	0	0	0	0	0	0	0	0	198.747
i219methanol	2639	i219	-1	13	2	0	methanol	-68.2	abs	1.3288	0.43	0.47	31.77	0	0	0.2209	81.204	71.097	54.568	88.516	0	46.446	0	0	26.068	0	0	0	0	0	0	0	0	0	0	0	0	0	0	0	0	0	0	0	0	0	0	198.747
i220acetonitrile	2725	i220	-1	13	4	0	acetonitrile	-48.3	abs	1.3442	0.07	0.32	41.2511	0	0	0.1024	40.897	63.273	27.602	81.075	0	95.388	0	0	26.2	0	0	4.225	0	0	2.725	5.034	0	0	29.224	0	0	0	0	0	0	0	0	0	0	0	0	203.783
i220methanol	2663	i220	-1	13	4	0	methanol	-59.3	abs	1.3288	0.43	0.47	31.77	0	0	0.2209	40.897	63.273	27.602	81.075	0	95.388	0	0	26.2	0	0	4.225	0	0	2.725	5.034	0	0	29.224	0	0	0	0	0	0	0	0	0	0	0	0	203.783
i221methanol	2675	i221	-1	13	6	0	methanol	-60.2	abs	1.3288	0.43	0.47	31.77	0	0	0.2209	41.72	61.517	28.133	80.872	0	46.359	0	0	26.128	0	0	0	0	0	0	0	0	0	0	65.718	0	0	0	0	0	0	0	0	0	0	0	215.314
i222acetonitrile	2736	i222	-1	13	6	0	acetonitrile	-46.9	abs	1.3442	0.07	0.32	41.2511	0	0	0.1024	47.076	53.954	31.724	73.598	0	26.047	0	0	14.548	0	0	0	0	0	0	0	0	0	0	65.437	0	0	0	0	0	0	0	0	0	0	0	192.514
i224methanol	2665	i224	-1	13	4	0	methanol	-73.1	abs	1.3288	0.43	0.47	31.77	0	0	0.2209	69.022	63.363	29.467	81.23	0	46.53	0	0	26.063	0	0	12.118	17.542	0	2.772	14.768	0	0	0	0	0	0	0	0	0	0	0	0	0	0	0	191.034
i225dimethylsulfoxide	2801	i225	-1	13	3	0	dimethylsulfoxide	-51.3	abs	1.417	0	0.88	61.7758	0	0	0.7744	63.029	51.666	34.111	52.969	0	0	0	0	0	0	0	35.176	8.473	0	14.268	73.609	0	0	0	0	0	0	0	0	0	0	0	0	0	0	0	149.871
i226dimethylsulfoxide	2840	i226	-1	13	6	0	dimethylsulfoxide	-52.6	abs	1.417	0	0.88	61.7758	0	0	0.7744	44.196	63.418	29.815	81.334	0	46.372	0	0	26.121	0	0	0	0	0	0	0	0	0	0	0	39.059	0	0	0	0	0	0	0	0	0	0	193.045
i226methanol	2676	i226	-1	13	6	0	methanol	-63.9	abs	1.3288	0.43	0.47	31.77	0	0	0.2209	44.196	63.418	29.815	81.334	0	46.372	0	0	26.121	0	0	0	0	0	0	0	0	0	0	0	39.059	0	0	0	0	0	0	0	0	0	0	193.045
i227acetonitrile	2727	i227	-1	13	4	0	acetonitrile	-46.5	abs	1.3442	0.07	0.32	41.2511	0	0	0.1024	49.949	72.209	33.648	87.677	0	25.959	0	0	14.716	0	0	27.841	0	0	9.432	6.392	0	16.499	0	0	0	0	0	0	0	0	0	0	0	0	0	175.957
i228methanol	2677	i228	-1	13	6	0	methanol	-64.4	abs	1.3288	0.43	0.47	31.77	0	0	0.2209	45.084	65.242	30.409	83.802	0	46.42	0	0	26.079	0	0	0	0	0	0	0	0	0	0	24.539	0	0	0	0	0	0	0	0	0	0	0	181.285
i229methanol	2640	i229	-1	13	2	0	methanol	-59.2	abs	1.3288	0.43	0.47	31.77	0	0	0.2209	59.225	67.265	39.733	84.446	0	50.49	0	0	29.28	0	0	0	0	0	0	0	0	0	0	0	0	0	0	0	0	0	0	0	0	0	0	176.980
i231acetonitrile	2716	i231	-1	13	2	0	acetonitrile	-53.8	abs	1.3442	0.07	0.32	41.2511	0	0	0.1024	55.539	64.299	29.615	82.502	0	65.604	8.195	0	27.633	0	0	0	0	0	0	0	0	0	0	0	0	0	0	0	0	0	0	0	0	0	0	185.442
i231methanol	2641	i231	-1	13	2	0	methanol	-65.7	abs	1.3288	0.43	0.47	31.77	0	0	0.2209	55.539	64.299	29.615	82.502	0	65.604	8.195	0	27.633	0	0	0	0	0	0	0	0	0	0	0	0	0	0	0	0	0	0	0	0	0	0	185.442
i232methanol	2642	i232	-1	13	2	0	methanol	-69.0	abs	1.3288	0.43	0.47	31.77	0	0	0.2209	76.743	72.147	51.601	80.317	0	59.454	0	0	27.09	0	0	0	0	0	0	0	0	0	0	0	0	0	0	0	0	0	0	0	0	0	0	208.344
i233methanol	2643	i233	-1	13	2	0	methanol	-68.6	abs	1.3288	0.43	0.47	31.77	0	0	0.2209	80.733	71.339	54.245	88.894	0	46.494	0	0	26.094	0	0	0	0	0	0	0	0	0	0	0	0	0	0	0	0	0	0	0	0	0	0	198.566
i234acetonitrile	2728	i234	-1	13	4	0	acetonitrile	-48.0	abs	1.3442	0.07	0.32	41.2511	0	0	0.1024	40.048	63.876	27.038	81.913	0	95.138	0	0	26.123	0	0	4.208	0	0	2.751	5.022	0	0	29.078	0	0	0	0	0	0	0	0	0	0	0	0	203.270
i234dimethylsulfoxide	2821	i234	-1	13	4	0	dimethylsulfoxide	-48.2	abs	1.417	0	0.88	61.7758	0	0	0.7744	40.048	63.876	27.038	81.913	0	95.138	0	0	26.123	0	0	4.208	0	0	2.751	5.022	0	0	29.078	0	0	0	0	0	0	0	0	0	0	0	0	203.270
i234methanol	2666	i234	-1	13	4	0	methanol	-58.2	abs	1.3288	0.43	0.47	31.77	0	0	0.2209	40.048	63.876	27.038	81.913	0	95.138	0	0	26.123	0	0	4.208	0	0	2.751	5.022	0	0	29.078	0	0	0	0	0	0	0	0	0	0	0	0	203.270
i235methanol	2644	i235	-1	13	2	0	methanol	-67.4	abs	1.3288	0.43	0.47	31.77	0	0	0.2209	132.022	76.53	88.647	86.595	0	46.514	0	0	26.113	0	0	0	0	0	0	0	0	0	0	0	0	0	0	0	0	0	0	0	0	0	0	255.067
i236methanol	2645	i236	-1	13	2	0	methanol	-68.0	abs	1.3288	0.43	0.47	31.77	0	0	0.2209	137.754	68.91	92.443	79.148	0	26.091	0	0	14.469	0	0	0	0	0	0	0	0	0	0	0	0	0	0	0	0	0	0	0	0	0	0	232.754
i237dimethylsulfoxide	2803	i237	-1	13	3	0	dimethylsulfoxide	-56.4	abs	1.417	0	0.88	61.7758	0	0	0.7744	51.422	49.38	17.581	19.052	0	0	0	0	0	0	0	72.104	17.572	0	82.333	209.724	0	0	0	0	0	0	0	0	0	0	0	0	0	0	0	172.907
i238dimethylsulfoxide	2824	i238	-1	13	4	0	dimethylsulfoxide	-55.6	abs	1.417	0	0.88	61.7758	0	0	0.7744	66.707	67.78	39.021	87.599	0	22.59	0	0	12.338	0	0	20.664	6.083	0	4.22	25.531	10.176	0	0	0	0	0	0	0	0	0	0	0	0	0	0	177.740
i239dimethylsulfoxide	2825	i239	-1	13	4	0	dimethylsulfoxide	-54.0	abs	1.417	0	0.88	61.7758	0	0	0.7744	93.065	69.924	53.683	90.413	0	20.304	0	0	10.676	0	0	19.054	9.137	0	3.664	23.192	9.372	0	0	0	0	0	0	0	0	0	0	0	0	0	0	202.346
i240acetonitrile	2731	i240	-1	13	5	0	acetonitrile	-55.4	abs	1.3442	0.07	0.32	41.2511	0	0	0.1024	71.621	57.985	39.803	77.581	0	48.954	0	0	0	0	0	18.161	8.702	0	0	0	0	0	0	0	0	0	3.789	5.902	0	0	0	0	0	0	26.886	200.511
i240dimethylsulfoxide	2831	i240	-1	13	5	0	dimethylsulfoxide	-54.6	abs	1.417	0	0.88	61.7758	0	0	0.7744	71.621	57.985	39.803	77.581	0	48.954	0	0	0	0	0	18.161	8.702	0	0	0	0	0	0	0	0	0	3.789	5.902	0	0	0	0	0	0	26.886	200.511
i241dimethylsulfoxide	2791	i241	-1	13	2	0	dimethylsulfoxide	-55.4	abs	1.417	0	0.88	61.7758	0	0	0.7744	100.163	83.037	67.374	107.747	0	24.834	0	0	13.996	0	0	0	0	0	0	0	0	0	0	0	0	0	0	0	0	0	0	0	0	0	0	208.034
i242methanol	2678	i242	-1	13	6	0	methanol	-63.0	abs	1.3288	0.43	0.47	31.77	0	0	0.2209	24.559	14.394	16.507	8.241	0	49.636	0	0	28.7	0	0	0	0	0	0	0	0	0	0	0	0	45.41	0	0	0	0	0	0	0	0	0	133.999
i243acetonitrile	2719	i243	-1	13	2	0	acetonitrile	-56.7	abs	1.3442	0.07	0.32	41.2511	0	0	0.1024	83.206	25.578	55.702	19.531	0	48.498	0	0	27.371	0	0	0	0	0	0	0	0	0	0	0	0	0	0	0	0	0	0	0	0	0	0	157.281
i243methanol	2649	i243	-1	13	2	0	methanol	-71.4	abs	1.3288	0.43	0.47	31.77	0	0	0.2209	83.206	25.578	55.702	19.531	0	48.498	0	0	27.371	0	0	0	0	0	0	0	0	0	0	0	0	0	0	0	0	0	0	0	0	0	0	157.281
i244dimethylsulfoxide	2805	i244	-1	13	3	0	dimethylsulfoxide	-49.9	abs	1.417	0	0.88	61.7758	0	0	0.7744	101.988	111.964	68.714	156.823	0	0	0	0	0	0	0	15.664	0	0	6.176	47.172	0	0	0	0	0	0	0	0	0	0	0	0	0	0	0	229.616
i245acetonitrile	2730	i245	-1	13	4	0	acetonitrile	-50.8	abs	1.3442	0.07	0.32	41.2511	0	0	0.1024	24.682	31.745	16.561	21.609	0	49.561	0	0	29.299	0	0	27.794	0	0	9.306	6.095	0	16.827	0	0	0	0	0	0	0	0	0	0	0	0	0	133.782
i245methanol	2668	i245	-1	13	4	0	methanol	-61.7	abs	1.3288	0.43	0.47	31.77	0	0	0.2209	24.682	31.745	16.561	21.609	0	49.561	0	0	29.299	0	0	27.794	0	0	9.306	6.095	0	16.827	0	0	0	0	0	0	0	0	0	0	0	0	0	133.782
i246methanol	2650	i246	-1	13	2	0	methanol	-71.3	abs	1.3288	0.43	0.47	31.77	0	0	0.2209	83.388	31.088	55.941	34.027	0	46.278	0	0	26.1	0	0	0	0	0	0	0	0	0	0	0	0	0	0	0	0	0	0	0	0	0	0	160.754
i247acetonitrile	2720	i247	-1	13	2	0	acetonitrile	-55.6	abs	1.3442	0.07	0.32	41.2511	0	0	0.1024	125.93	26.486	84.302	28.144	0	46.937	0	0	26.437	0	0	0	0	0	0	0	0	0	0	0	0	0	0	0	0	0	0	0	0	0	0	199.353
i247methanol	2651	i247	-1	13	2	0	methanol	-70.8	abs	1.3288	0.43	0.47	31.77	0	0	0.2209	125.93	26.486	84.302	28.144	0	46.937	0	0	26.437	0	0	0	0	0	0	0	0	0	0	0	0	0	0	0	0	0	0	0	0	0	0	199.353
i248dimethylsulfoxide	2782	i248	-1	13	1	0	dimethylsulfoxide	-56.1	abs	1.417	0	0.88	61.7758	0	0	0.7744	65.156	62.707	43.908	82.953	0	0	0	0	0	0	0	0	0	0	0	0	0	0	0	0	0	0	0	0	0	0	0	0	0	0	0	127.862
i250methanol	2652	i250	-1	13	2	0	methanol	-71.7	abs	1.3288	0.43	0.47	31.77	0	0	0.2209	58.707	35.22	39.587	41.134	0	47.154	0	0	26.418	0	0	0	0	0	0	0	0	0	0	0	0	0	0	0	0	0	0	0	0	0	0	141.081
i251dimethylsulfoxide	2832	i251	-1	13	5	0	dimethylsulfoxide	-56.9	abs	1.417	0	0.88	61.7758	0	0	0.7744	62.055	26.517	41.697	0	0	50.665	0	0	0	0	0	0	0	0	0	0	0	0	0	0	0	0	3.698	1.851	0	0	0	0	0	0	27.665	142.935
i252dimethylsulfoxide	2836	i252	-1	13	5	0	dimethylsulfoxide	-54.9	abs	1.417	0	0.88	61.7758	0	0	0.7744	48.32	16.163	24.482	9.708	0	0	0	0	0	0	0	20.266	8.105	0	3.465	23.96	0	0	0	0	0	0	41.65	0	0	0	0	0	0	0	0	126.398
i253methanol	2681	i253	-1	13	6	0	methanol	-67.2	abs	1.3288	0.43	0.47	31.77	0	0	0.2209	25.489	15.647	17.033	9.1	0	50.656	0	0	28.867	0	0	0	0	0	0	0	0	0	0	24.341	0	0	0	0	0	0	0	0	0	0	0	116.132
i254dimethylsulfoxide	2826	i254	-1	13	4	0	dimethylsulfoxide	-57.6	abs	1.417	0	0.88	61.7758	0	0	0.7744	26.922	13.811	8.906	0	0	26.775	0	0	14.659	0	0	21.129	9.145	0	6.626	29.4	10.391	0	0	0	0	0	0	0	0	0	0	0	0	0	0	88.637
i255acetonitrile	2721	i255	-1	13	2	0	acetonitrile	-54.7	abs	1.3442	0.07	0.32	41.2511	0	0	0.1024	31.955	15.773	17.243	9.092	0	69.274	5.958	0	26.819	0	0	0	0	0	0	0	0	0	0	0	0	0	0	0	0	0	0	0	0	0	0	117.001
i255methanol	2653	i255	-1	13	2	0	methanol	-66.6	abs	1.3288	0.43	0.47	31.77	0	0	0.2209	31.955	15.773	17.243	9.092	0	69.274	5.958	0	26.819	0	0	0	0	0	0	0	0	0	0	0	0	0	0	0	0	0	0	0	0	0	0	117.001
i257dimethylsulfoxide	2808	i257	-1	13	3	0	dimethylsulfoxide	-56.7	abs	1.417	0	0.88	61.7758	0	0	0.7744	39.115	42.232	26.352	18.553	0	0	0	0	0	0	0	33.083	0	0	39.621	107.2	0	0	0	0	0	0	0	0	0	0	0	0	0	0	0	114.429
i258dimethylsulfoxide	2809	i258	-1	13	3	0	dimethylsulfoxide	-46.0	abs	1.417	0	0.88	61.7758	0	0	0.7744	13.009	49.286	8.768	39.974	0	0	0	0	0	0	0	55.806	0	0	20.837	13.071	0	32.051	0	0	0	0	0	0	0	0	0	0	0	0	0	118.102
i259methanol	2654	i259	-1	13	2	0	methanol	-69.8	abs	1.3288	0.43	0.47	31.77	0	0	0.2209	86.281	63.585	57.945	81.247	0	26.05	0	0	14.389	0	0	0	0	0	0	0	0	0	0	0	0	0	0	0	0	0	0	0	0	0	0	175.916
i260dimethylsulfoxide	2834	i260	-1	13	5	0	dimethylsulfoxide	-57.5	abs	1.417	0	0.88	61.7758	0	0	0.7744	50.317	9.084	25.48	0	0	51.291	0	0	0	0	0	20.907	8.528	0	0	0	0	0	0	0	0	0	4.016	5.901	0	0	0	0	0	0	28.08	135.614
i261acetonitrile	2732	i261	-1	13	5	0	acetonitrile	-54.0	abs	1.3442	0.07	0.32	41.2511	0	0	0.1024	37.883	9.022	25.426	0	0	78.955	0	0	0	0	0	0	0	0	0	0	0	0	0	0	0	0	4.417	0	0	0	0	0	0	0	43.257	130.276
i262dimethylsulfoxide	2835	i262	-1	13	5	0	dimethylsulfoxide	-55.7	abs	1.417	0	0.88	61.7758	0	0	0.7744	107.63	19.585	72.013	15.711	0	0	0	0	0	0	0	0	0	0	0	0	0	0	0	0	0	0	42.396	0	0	0	0	0	0	0	0	169.612
i263acetonitrile	2742	i263	-1	13	7	0	acetonitrile	-51.0	abs	1.3442	0.07	0.32	41.2511	0	0	0.1024	0	0	0	0	0	84.703	0	0	0	0	0	5.039	0	0	0	0	0	0	48.927	0	0	0	0	0	0	0	0	0	0	0	0	89.742
i265dimethylsulfoxide	2847	i265	-1	13	7	0	dimethylsulfoxide	-54.5	abs	1.417	0	0.88	61.7758	0	0	0.7744	0	0	0	0	0	57.953	0	0	0	0	0	18.293	0	0	0	0	0	0	33.293	0	0	0	0	0	0	0	0	0	0	0	0	76.246
i266methanol	2655	i266	-1	13	2	0	methanol	-68.1	abs	1.3288	0.43	0.47	31.77	0	0	0.2209	85.797	64.981	57.602	83.175	0	22.656	0	0	12.213	0	0	0	0	0	0	0	0	0	0	0	0	0	0	0	0	0	0	0	0	0	0	173.434
i267dimethylsulfoxide	2795	i267	-1	13	2	0	dimethylsulfoxide	-53.9	abs	1.417	0	0.88	61.7758	0	0	0.7744	86.71	63.485	58.173	81.324	0	26.086	0	0	14.405	0	0	0	0	0	0	0	0	0	0	0	0	0	0	0	0	0	0	0	0	0	0	176.280
i267methanol	2656	i267	-1	13	2	0	methanol	-70.2	abs	1.3288	0.43	0.47	31.77	0	0	0.2209	86.71	63.485	58.173	81.324	0	26.086	0	0	14.405	0	0	0	0	0	0	0	0	0	0	0	0	0	0	0	0	0	0	0	0	0	0	176.280
i269methanol	2658	i269	-1	13	2	0	methanol	-69.5	abs	1.3288	0.43	0.47	31.77	0	0	0.2209	80.901	70.85	54.446	90.106	0	46.185	0	0	26.562	0	0	0	0	0	0	0	0	0	0	0	0	0	0	0	0	0	0	0	0	0	0	197.936
i270dimethylsulfoxide	2810	i270	-1	13	3	0	dimethylsulfoxide	-56.4	abs	1.417	0	0.88	61.7758	0	0	0.7744	63.625	109.691	42.891	128.293	22.523	0	0	0	0	0	0	0	0	0	0	0	0	0	0	0	0	0	0	0	0	0	0	0	0	0	0	173.316
i271dimethylsulfoxide	2811	i271	-1	13	3	0	dimethylsulfoxide	-41.0	abs	1.417	0	0.88	61.7758	0	0	0.7744	58.378	93.593	39.354	112.275	0	0	0	0	0	0	0	55.02	0	0	16.019	12.702	0	32.308	0	0	0	0	0	0	0	0	0	0	0	0	0	206.992
i272dimethylsulfoxide	2812	i272	-1	13	3	0	dimethylsulfoxide	-54.2	abs	1.417	0	0.88	61.7758	0	0	0.7744	39.06	40.791	26.334	35.907	0	0	0	0	0	0	0	34.763	0	0	12.817	45.101	0	0	0	0	0	0	0	0	0	0	0	0	0	0	0	114.613
i274dimethylsulfoxide	2828	i274	-1	13	4	0	dimethylsulfoxide	-58.6	abs	1.417	0	0.88	61.7758	0	0	0.7744	50.95	27.92	34.164	22.933	0	52.932	0	0	31.676	0	0	15.4	0	0	7.894	45.364	15.046	0	0	0	0	0	0	0	0	0	0	0	0	0	0	147.201
i275dimethylsulfoxide	2813	i275	-1	13	3	0	dimethylsulfoxide	-54.5	abs	1.417	0	0.88	61.7758	0	0	0.7744	12.996	15.281	8.77	0	0	0	0	0	0	0	0	72.948	0	0	28.708	48.493	0	0	0	0	0	0	0	0	0	0	0	0	0	0	0	101.225
i276dimethylsulfoxide	2842	i276	-1	13	6	0	dimethylsulfoxide	-49.2	abs	1.417	0	0.88	61.7758	0	0	0.7744	13.397	9.084	0	5.46	0	24.434	0	0	13.608	0	0	18.264	9.236	0	3.776	23.082	9.031	0	0	68.164	0	0	0	0	0	0	0	0	0	0	0	133.343
i277acetonitrile	2739	i277	-1	13	6	0	acetonitrile	-45.6	abs	1.3442	0.07	0.32	41.2511	0	0	0.1024	0	9.94	0	5.849	0	49.769	0	0	28.652	0	0	0	0	0	0	0	0	0	0	68.736	0	0	0	0	0	0	0	0	0	0	0	128.444
i277dimethylsulfoxide	2843	i277	-1	13	6	0	dimethylsulfoxide	-45.0	abs	1.417	0	0.88	61.7758	0	0	0.7744	0	9.94	0	5.849	0	49.769	0	0	28.652	0	0	0	0	0	0	0	0	0	0	68.736	0	0	0	0	0	0	0	0	0	0	0	128.444
i279dimethylsulfoxide	2829	i279	-1	13	4	0	dimethylsulfoxide	-58.9	abs	1.417	0	0.88	61.7758	0	0	0.7744	39.224	9.301	0	0	0	25.547	0	0	14.039	0	0	32.474	27.146	0	16.295	43.15	15.401	0	0	0	0	0	0	0	0	0	0	0	0	0	0	106.546
i280dimethylsulfoxide	2830	i280	-1	13	4	0	dimethylsulfoxide	-52.9	abs	1.417	0	0.88	61.7758	0	0	0.7744	66.143	94.172	44.606	116.816	0	21.088	0	0	11.83	0	0	27.863	0	0	9.817	6.485	0	16.334	0	0	0	0	0	0	0	0	0	0	0	0	0	209.266
i281methanol	2638	i281	-1	13	2	0	methanol	-67.7	abs	1.3288	0.43	0.47	31.77	0	0	0.2209	76.923	71.811	51.73	79.714	0	59.428	0	0	27.198	0	0	0	0	0	0	0	0	0	0	0	0	0	0	0	0	0	0	0	0	0	0	208.162
