Energy profile vs Iteration (eV) 
      Iteration         node 1     node 2 ...
1           0.00000     -6.25594       --          --          --          --          --          --          --          --          --          --          --          --          --          --          --          --       -52.73561   -66.55673   
2           0.00000     -12.96274      --          --          --          --          --          --          --          --          --          --          --          --          --          --          --          --       -66.74689   -66.55673   
3           0.00000     -14.10701   -14.12213      --          --          --          --          --          --          --          --          --          --          --          --          --          --          --       -69.93193   -66.55673   
4           0.00000     -14.74541   -14.75571   -14.74124      --          --          --          --          --          --          --          --          --          --          --          --          --       -36.64285   -71.32662   -66.55673   
5           0.00000     -15.16559   -15.17050   -15.15707   -15.10107      --          --          --          --          --          --          --          --          --          --          --          --       -40.20643   -72.04996   -66.55673   
6           0.00000     -15.45871   -15.45972   -15.44644   -15.40445   -15.30245      --          --          --          --          --          --          --          --          --          --          --       -43.85319   -72.55793   -66.55673   
7           0.00000     -15.66907   -15.66754   -15.65482   -15.62147   -15.55073   -15.38476      --          --          --          --          --          --          --          --          --          --       -47.07902   -72.94126   -66.55673   
8           0.00000     -15.82310   -15.81996   -15.80810   -15.78149   -15.72887   -15.61856   -15.38262      --          --          --          --          --          --          --          --          --       -49.60154   -73.24335   -66.55673   
9           0.00000     -15.93786   -15.93375   -15.92284   -15.90154   -15.86200   -15.78253   -15.62837   -15.28702      --          --          --          --          --          --          --          --       -51.47526   -73.48832   -66.55673   
10          0.00000     -16.02481   -16.02013   -16.01018   -15.99304   -15.96323   -15.90509   -15.79559   -15.57353   -15.12698      --          --          --          --          --          --       -16.51850   -52.85473   -73.69131   -66.55673   
11          0.00000     -16.09182   -16.08684   -16.07780   -16.06389   -16.04136   -15.99869   -15.91944   -15.76242   -15.52722   -2.69576       --          --          --          --       1.60499     -17.25291   -53.71235   -73.86417   -66.55673   
12          0.00000     -16.14440   -16.13928   -16.13107   -16.11969   -16.10262   -16.07133   -16.01372   -15.90034   -15.73384   -4.13409    -3.70666       --          --          --       -1.24840    -17.75748   -54.36411   -74.01265   -66.55673   
13          0.00000     -16.18640   -16.18127   -16.17380   -16.16441   -16.15146   -16.12861   -16.08682   -16.00450   -15.88417   -4.60420    -4.34575    -4.04549       --       -3.00138    -2.54216    -18.16159   -54.89291   -74.14208   -66.55673   
14          0.00000     -16.22059   -16.21551   -16.20871   -16.20091   -16.19110   -16.17456   -16.14437   -16.08480   -15.92191   -4.79153    -4.61016    -4.41784    -4.07432    -3.70296    -3.29015    -21.53337   -55.33636   -74.25646   -66.55673   
15          0.00000     -16.24894   -16.24396   -16.23776   -16.23123   -16.22384   -16.21206   -16.19063   -16.14785   -16.05348   -4.89460    -4.76171    -4.62876    -4.39547    -4.11807    -3.80993    -21.70845   -55.70637   -74.35903   -66.55673   
16          0.00000     -16.27286   -16.26802   -16.26235   -16.25686   -16.25136   -16.24323   -16.22840   -16.19820   -16.13287   -4.96502    -4.86689    -4.77446    -4.61601    -4.31387    -4.19852    -21.84760   -56.03093   -74.45182   -66.55673   
17          0.00000     -16.29340   -16.28870   -16.28352   -16.27890   -16.27489   -16.26957   -16.25980   -16.23913   -16.19314   -5.01838    -4.94622    -4.86751    -4.77949    -4.60300    -4.49742    -21.96273   -56.31882   -74.53659   -66.55673   
18          0.00000     -16.31129   -16.30676   -16.30201   -16.29812   -16.29532   -16.29222   -16.28634   -16.27297   -16.24134   -5.06096    -5.00856    -4.95892    -4.90482    -4.77505    -4.73123    -22.05920   -56.57585   -74.61471   -66.55673   
19          0.00000     -16.32710   -16.32275   -16.31840   -16.31513   -16.31332   -16.31197   -16.30914   -16.30142   -16.28074   -5.09602    -5.05881    -5.03125    -5.00291    -4.90857    -4.91662    -22.14082   -56.80663   -74.68727   -66.55673   
20          0.00000     -16.34125   -16.33708   -16.33308   -16.33037   -16.32937   -16.32945   -16.32902   -16.32573   -16.31350   -5.12553    -5.10010    -5.08951    -5.08091    -4.98204    -5.06548    -22.21047   -57.01469   -74.75512   -66.55673   
21          0.00000     -16.35404   -16.35005   -16.34639   -16.34415   -16.34386   -16.34509   -16.34661   -16.34681   -16.34118   -5.15079    -5.13457    -5.13713    -5.14381    -5.07467    -5.18650    -22.27059   -57.20306   -74.81895   -66.55673   
22          0.00000     -16.36571   -16.36191   -16.35856   -16.35675   -16.35705   -16.35925   -16.36234   -16.36535   -16.36491   -5.17272    -5.16376    -5.17660    -5.19519    -5.14943    -5.28614    -22.32288   -57.37397   -74.87932   -66.55673   
23          0.00000     -16.37645   -16.37283   -16.36977   -16.36835   -16.36917   -16.37219   -16.37658   -16.38185   -16.38554   -5.19064    -5.18878    -5.20973    -5.23771    -5.21064    -5.36923    -22.36880   -57.52944   -74.93668   -66.55673   
24          0.00000     -16.38641   -16.38297   -16.38018   -16.37911   -16.38039   -16.38410   -16.38957   -16.39669   -16.40370   -5.20841    -5.21049    -5.23788    -5.27330    -5.26143    -5.43938    -22.40954   -57.67116   -74.99141   -66.55673   
25          0.00000     -16.39568   -16.39242   -16.38988   -16.38914   -16.39083   -16.39514   -16.40152   -16.41018   -16.41988   -5.22427    -5.22952    -5.26206    -5.30345    -5.30410    -5.49934    -22.44606   -57.80060   -75.04383   -66.55673   
