61
89
10
55
38
12
8
52
72
72
45
54
54
5
64
38
17
89
96
21
59
96
72
9
67
15
13
39
88
99
75
79
2
60
30
29
39
51
68
66
21
35
78
50
5
12
30
5
82
18
26
18
71
4
8
35
9
47
1
58
51
46
12
18
37
28
73
46
16
1
74
29
36
97
68
43
76
44
47
50
37
17
85
55
2
45
50
90
65
26
46
80
8
59
35
97
79
24
18
56
27
35
37
84
61
57
8
67
82
72
68
8
74
21
30
6
6
24
48
89
55
87
90
16
95
32
16
12
67
62
31
99
61
62
1
35
79
9
14
70
61
54
76
53
36
49
72
51
23
26
48
58
9
65
37
27
27
32
65
70
35
83
25
73
33
49
23
19
20
96
63
79
100
82
96
73
98
24
94
84
35
56
23
3
29
32
11
10
8
20
66
21
82
89
83
61
87
38
39
34
