$molecule
0 2
C     0.5257302887999999   0.1305985181000000   0.0100075403000000
O     1.6234821038000002   0.8582166421000000   0.2896131034000000
O     0.5715967501000000  -1.0214087361999999  -0.3893783015000000
C    -0.7155727511000000   0.8598973750000000   0.2268124796000000
Si   -2.3393648031000001   0.0227472458000000  -0.1601739944000000
H    -2.5124025840000002  -1.1865087650999999   0.6819568820000000
H    -2.3944211452999999  -0.3586757098000000  -1.5929845254999999
H    -3.4340276048999998   0.9833633295000000   0.1315672317000000
H    -0.6408677524000000   1.8719020689000001   0.6148270982000000
C     2.8640787035000002   0.1859487872000000   0.0826815751000000
H     3.6365413555000003   0.9355310263000001   0.2480977639000000
H     2.9201151248000006  -0.2125681654000000  -0.9323655631000000
H     2.9789329063999999  -0.6374860773000000   0.7923212322000001
$end
