c047water	2631	c047	1	14	7	0	water	-74.6	abs	1	1	1	1	1	1	1	79.28	0	0	0	0	16.792	22.313	21.862	0	0	0	7.066	34.384	0	0	0	0	0	0	0	0	0	0	0	0	0	0	0	0	0	0	103.138
c050water	2630	c050	1	14	2	0	water	-76.6	abs	1	1	1	1	1	1	1	85.15	11.878	26.052	0	0	26.05	34.359	36.231	0	0	0	0	0	0	0	0	0	0	0	0	0	0	0	0	0	0	0	0	0	0	0	123.078
c051water	2629	c051	1	14	2	0	water	-73.6	abs	1	1	1	1	1	1	1	108.556	14.694	42.553	9.154	0	25.648	33.512	34.991	0	0	0	0	0	0	0	0	0	0	0	0	0	0	0	0	0	0	0	0	0	0	0	148.899
c052water	2628	c052	1	14	2	0	water	-66.3	abs	1	1	1	1	1	1	1	104.773	21.56	49.49	0	0	22.504	23.056	25.852	0	0	0	0	0	0	0	0	0	0	0	0	0	0	0	0	0	0	0	0	0	0	0	148.838
c053water	2627	c053	1	14	2	0	water	-62.2	abs	1	1	1	1	1	1	1	149.274	27.642	79.519	17.175	0	17.628	22.727	23.57	0	0	0	0	0	0	0	0	0	0	0	0	0	0	0	0	0	0	0	0	0	0	0	194.544
c054water	2625	c054	1	14	2	0	water	-66.3	abs	1	1	1	1	1	1	1	103.103	25.606	47.537	20.45	0	30.124	24.121	25.35	9.305	0	0	0	0	0	0	0	0	0	0	0	0	0	0	0	0	0	0	0	0	0	0	158.833
c056water	2626	c056	1	14	2	0	water	-55.7	abs	1	1	1	1	1	1	1	119.309	73.494	59.18	95.375	0	28.834	22.975	20.499	8.224	0	0	0	0	0	0	0	0	0	0	0	0	0	0	0	0	0	0	0	0	0	0	221.637
c088water	2632	c088	1	14	7	0	water	-87.8	abs	1	1	1	1	1	1	1	62.745	0	0	0	0	31.042	46.107	62.218	0	0	0	0	0	0	0	0	0	0	0	0	0	0	0	0	0	0	0	0	0	0	0	93.787
i003acetonitrile	2765	i003	1	13	3	0	acetonitrile	-80.2	abs	1.3442	0.07	0.32	41.2511	0	0	0.1024	82.397	10.913	26.258	0	0	0	0	0	0	0	0	3.214	29.93	0	4.155	10.66	0	0	0	0	0	0	0	0	0	0	0	0	0	0	0	96.524
i003dimethylsulfoxide	2850	i003	1	13	3	0	dimethylsulfoxide	-82.4	abs	1.417	0	0.88	61.7758	0	0	0.7744	82.397	10.913	26.258	0	0	0	0	0	0	0	0	3.214	29.93	0	4.155	10.66	0	0	0	0	0	0	0	0	0	0	0	0	0	0	0	96.524
i003methanol	2698	i003	1	13	3	0	methanol	-74.3	abs	1.3288	0.43	0.47	31.77	0	0	0.2209	82.397	10.913	26.258	0	0	0	0	0	0	0	0	3.214	29.93	0	4.155	10.66	0	0	0	0	0	0	0	0	0	0	0	0	0	0	0	96.524
i003water	2574	i003	1	13	3	0	water	-76.4	abs	1	1	1	1	1	1	1	82.397	10.913	26.258	0	0	0	0	0	0	0	0	3.214	29.93	0	4.155	10.66	0	0	0	0	0	0	0	0	0	0	0	0	0	0	0	96.524
i004acetonitrile	2767	i004	1	13	3	0	acetonitrile	-75.7	abs	1.3442	0.07	0.32	41.2511	0	0	0.1024	126.9	16.518	57.428	12.388	0	0	0	0	0	0	0	2.772	28.528	0	1.4	8.364	0	0	0	0	0	0	0	0	0	0	0	0	0	0	0	146.189
i004water	2579	i004	1	13	3	0	water	-71.5	abs	1	1	1	1	1	1	1	126.9	16.518	57.428	12.388	0	0	0	0	0	0	0	2.772	28.528	0	1.4	8.364	0	0	0	0	0	0	0	0	0	0	0	0	0	0	0	146.189
i005water	2573	i005	1	13	3	0	water	-69.6	abs	1	1	1	1	1	1	1	123.369	17.546	56.552	11.609	0	0	0	0	0	0	0	2.302	26.986	0	0.501	6.36	0	0	0	0	0	0	0	0	0	0	0	0	0	0	0	143.217
i006acetonitrile	2771	i006	1	13	3	0	acetonitrile	-70.9	abs	1.3442	0.07	0.32	41.2511	0	0	0.1024	138.709	21.143	68.597	12.952	0	0	0	0	0	0	0	1.859	25.18	0	0	4.666	0	0	0	0	0	0	0	0	0	0	0	0	0	0	0	161.711
i006water	2586	i006	1	13	3	0	water	-67.3	abs	1	1	1	1	1	1	1	138.709	21.143	68.597	12.952	0	0	0	0	0	0	0	1.859	25.18	0	0	4.666	0	0	0	0	0	0	0	0	0	0	0	0	0	0	0	161.711
i007water	2568	i007	1	13	3	0	water	-68.7	abs	1	1	1	1	1	1	1	167.377	19.036	86.142	23.1	0	0	0	0	0	0	0	2.35	26.856	0	0.251	6.47	0	0	0	0	0	0	0	0	0	0	0	0	0	0	0	188.764
i008water	2563	i008	1	13	3	0	water	-72.0	abs	1	1	1	1	1	1	1	104.167	30.719	41.847	26.226	0.005	0	0	0	0	0	0	2.825	28.992	0	1.841	8.585	0	0	0	0	0	0	0	0	0	0	0	0	0	0	0	137.711
i009water	2571	i009	1	13	3	0	water	-68.6	abs	1	1	1	1	1	1	1	100.783	19.37	49.877	0	0	0	0	0	0	0	0	1	18.385	0	7.464	8.221	0	0	0	0	0	0	0	0	0	0	0	0	0	0	0	121.153
i010acetonitrile	2759	i010	1	13	3	0	acetonitrile	-67.5	abs	1.3442	0.07	0.32	41.2511	0	0	0.1024	143.592	26.309	81.455	16.154	0	0	0	0	0	0	0	0.327	15.375	0	3.096	2.463	0	0	0	0	0	0	0	0	0	0	0	0	0	0	0	170.227
i010water	2570	i010	1	13	3	0	water	-63.4	abs	1	1	1	1	1	1	1	143.592	26.309	81.455	16.154	0	0	0	0	0	0	0	0.327	15.375	0	3.096	2.463	0	0	0	0	0	0	0	0	0	0	0	0	0	0	0	170.227
i011water	2572	i011	1	13	3	0	water	-60.5	abs	1	1	1	1	1	1	1	188.039	31.344	111.474	23.698	0	0	0	0	0	0	0	0.333	15.136	0	2.228	2.504	0	0	0	0	0	0	0	0	0	0	0	0	0	0	0	219.716
i012water	2569	i012	1	13	3	0	water	-61.6	abs	1	1	1	1	1	1	1	142.968	59.582	80.481	51.169	0.019	0	0	0	0	0	0	0.321	16.163	0	3.13	2.441	0	0	0	0	0	0	0	0	0	0	0	0	0	0	0	202.871
i013acetonitrile	2773	i013	1	13	3	0	acetonitrile	-66.1	abs	1.3442	0.07	0.32	41.2511	0	0	0.1024	115.94	25.555	69.901	0	0	0	0	0	0	0	0	0.08	8.278	0	9.904	1.114	0	0	0	0	0	0	0	0	0	0	0	0	0	0	0	141.575
i013methanol	2705	i013	1	13	3	0	methanol	-59.5	abs	1.3288	0.43	0.47	31.77	0	0	0.2209	115.94	25.555	69.901	0	0	0	0	0	0	0	0	0.08	8.278	0	9.904	1.114	0	0	0	0	0	0	0	0	0	0	0	0	0	0	0	141.575
i013water	2588	i013	1	13	3	0	water	-61.1	abs	1	1	1	1	1	1	1	115.94	25.555	69.901	0	0	0	0	0	0	0	0	0.08	8.278	0	9.904	1.114	0	0	0	0	0	0	0	0	0	0	0	0	0	0	0	141.575
i014acetonitrile	2772	i014	1	13	3	0	acetonitrile	-59.8	abs	1.3442	0.07	0.32	41.2511	0	0	0.1024	169.605	36.238	109.016	22.233	0	0	0	0	0	0	0	0	5.004	0	3.695	0	0	0	0	0	0	0	0	0	0	0	0	0	0	0	0	205.843
i014methanol	2704	i014	1	13	3	0	methanol	-53.0	abs	1.3288	0.43	0.47	31.77	0	0	0.2209	169.605	36.238	109.016	22.233	0	0	0	0	0	0	0	0	5.004	0	3.695	0	0	0	0	0	0	0	0	0	0	0	0	0	0	0	0	205.843
i014water	2587	i014	1	13	3	0	water	-54.6	abs	1	1	1	1	1	1	1	169.605	36.238	109.016	22.233	0	0	0	0	0	0	0	0	5.004	0	3.695	0	0	0	0	0	0	0	0	0	0	0	0	0	0	0	0	205.843
i015acetonitrile	2775	i015	1	13	3	0	acetonitrile	-57.9	abs	1.3442	0.07	0.32	41.2511	0	0	0.1024	234.525	42.557	152.755	31.341	0	0	0	0	0	0	0	0.024	4.767	0	2.578	0.31	0	0	0	0	0	0	0	0	0	0	0	0	0	0	0	277.106
i015water	2589	i015	1	13	3	0	water	-50.9	abs	1	1	1	1	1	1	1	234.525	42.557	152.755	31.341	0	0	0	0	0	0	0	0.024	4.767	0	2.578	0.31	0	0	0	0	0	0	0	0	0	0	0	0	0	0	0	277.106
i018acetonitrile	2757	i018	1	13	3	0	acetonitrile	-76.8	abs	1.3442	0.07	0.32	41.2511	0	0	0.1024	103.606	59.287	42.534	79.432	0	0	0	0	0	0	0	2.823	27.997	0	2.376	3.318	0	0	0	0	0	0	0	0	0	0	0	0	0	0	0	165.715
i018dimethylsulfoxide	2849	i018	1	13	3	0	dimethylsulfoxide	-79.8	abs	1.417	0	0.88	61.7758	0	0	0.7744	103.606	59.287	42.534	79.432	0	0	0	0	0	0	0	2.823	27.997	0	2.376	3.318	0	0	0	0	0	0	0	0	0	0	0	0	0	0	0	165.715
i018methanol	2696	i018	1	13	3	0	methanol	-74.1	abs	1.3288	0.43	0.47	31.77	0	0	0.2209	103.606	59.287	42.534	79.432	0	0	0	0	0	0	0	2.823	27.997	0	2.376	3.318	0	0	0	0	0	0	0	0	0	0	0	0	0	0	0	165.715
i018water	2564	i018	1	13	3	0	water	-72.4	abs	1	1	1	1	1	1	1	103.606	59.287	42.534	79.432	0	0	0	0	0	0	0	2.823	27.997	0	2.376	3.318	0	0	0	0	0	0	0	0	0	0	0	0	0	0	0	165.715
i019methanol	2687	i019	1	13	3	0	methanol	-72.1	abs	1.3288	0.43	0.47	31.77	0	0	0.2209	119.602	62.286	55.811	81.009	0	0	0	0	0	0	0	2.616	25.304	0	2.387	3.068	0	0	0	0	0	0	0	0	0	0	0	0	0	0	0	184.504
i019water	2557	i019	1	13	3	0	water	-70.3	abs	1	1	1	1	1	1	1	119.602	62.286	55.811	81.009	0	0	0	0	0	0	0	2.616	25.304	0	2.387	3.068	0	0	0	0	0	0	0	0	0	0	0	0	0	0	0	184.504
i020methanol	2689	i020	1	13	3	0	methanol	-71.3	abs	1.3288	0.43	0.47	31.77	0	0	0.2209	125.243	61.575	57	79.45	0	0	0	0	0	0	0	2.817	27.976	0	2.371	3.316	0	0	0	0	0	0	0	0	0	0	0	0	0	0	0	189.636
i020water	2559	i020	1	13	3	0	water	-69.6	abs	1	1	1	1	1	1	1	125.243	61.575	57	79.45	0	0	0	0	0	0	0	2.817	27.976	0	2.371	3.316	0	0	0	0	0	0	0	0	0	0	0	0	0	0	0	189.636
i021acetonitrile	2756	i021	1	13	3	0	acetonitrile	-74.4	abs	1.3442	0.07	0.32	41.2511	0	0	0.1024	125.057	61.661	56.813	79.463	0	0	0	0	0	0	0	2.821	28.035	0	2.381	3.323	0	0	0	0	0	0	0	0	0	0	0	0	0	0	0	189.539
i021methanol	2693	i021	1	13	3	0	methanol	-71.7	abs	1.3288	0.43	0.47	31.77	0	0	0.2209	125.057	61.661	56.813	79.463	0	0	0	0	0	0	0	2.821	28.035	0	2.381	3.323	0	0	0	0	0	0	0	0	0	0	0	0	0	0	0	189.539
i021water	2560	i021	1	13	3	0	water	-69.8	abs	1	1	1	1	1	1	1	125.057	61.661	56.813	79.463	0	0	0	0	0	0	0	2.821	28.035	0	2.381	3.323	0	0	0	0	0	0	0	0	0	0	0	0	0	0	0	189.539
i023water	2558	i023	1	13	3	0	water	-65.8	abs	1	1	1	1	1	1	1	114.53	54.068	32.247	72.306	0	0	0	0	0	0	0	13.34	46.217	0	5.45	16.538	0	0	0	0	0	0	0	0	0	0	0	0	0	0	0	181.937
i024methanol	2700	i024	1	13	3	0	methanol	-63.5	abs	1.3288	0.43	0.47	31.77	0	0	0.2209	122.76	65.9	66.787	75.113	0	0	0	0	0	0	0	0.842	16.354	0	5.587	4.538	0	0	0	0	0	0	0	0	0	0	0	0	0	0	0	189.502
i024water	2578	i024	1	13	3	0	water	-62.6	abs	1	1	1	1	1	1	1	122.76	65.9	66.787	75.113	0	0	0	0	0	0	0	0.842	16.354	0	5.587	4.538	0	0	0	0	0	0	0	0	0	0	0	0	0	0	0	189.502
i025water	2577	i025	1	13	3	0	water	-62.2	abs	1	1	1	1	1	1	1	144.253	69.198	82.601	83.108	0	0	0	0	0	0	0	0.516	14.884	0	3.386	2.619	0	0	0	0	0	0	0	0	0	0	0	0	0	0	0	213.967
i026water	2576	i026	1	13	3	0	water	-57.2	abs	1	1	1	1	1	1	1	136.396	71.333	85.494	72.936	0	0	0	0	0	0	0	0.052	6.566	0	7.679	0.561	0	0	0	0	0	0	0	0	0	0	0	0	0	0	0	207.781
i027water	2561	i027	1	13	3	0	water	-55.9	abs	1	1	1	1	1	1	1	158.231	73.519	100.045	72.79	0	0	0	0	0	0	0	0.054	6.587	0	7.692	0.582	0	0	0	0	0	0	0	0	0	0	0	0	0	0	0	231.805
i028water	2575	i028	1	13	3	0	water	-54.0	abs	1	1	1	1	1	1	1	176.876	72.312	114.057	79.612	0	0	0	0	0	0	0	0.014	5.065	0	2.743	0.141	0	0	0	0	0	0	0	0	0	0	0	0	0	0	0	249.202
i029methanol	2685	i029	1	13	3	0	methanol	-69.6	abs	1.3288	0.43	0.47	31.77	0	0	0.2209	120.567	90.455	56.493	128.263	0	0	0	0	0	0	0	2.798	25.432	0	2.391	3.26	0	0	0	0	0	0	0	0	0	0	0	0	0	0	0	213.820
i029water	2556	i029	1	13	3	0	water	-67.4	abs	1	1	1	1	1	1	1	120.567	90.455	56.493	128.263	0	0	0	0	0	0	0	2.798	25.432	0	2.391	3.26	0	0	0	0	0	0	0	0	0	0	0	0	0	0	0	213.820
i030water	2567	i030	1	13	3	0	water	-70.9	abs	1	1	1	1	1	1	1	80.643	22.718	34.941	14.389	0	0	0	0	0	0	0	4.767	20.003	0	8.803	37.61	0	0	0	0	0	0	0	0	0	0	0	0	0	0	0	108.128
i031water	2566	i031	1	13	3	0	water	-67.7	abs	1	1	1	1	1	1	1	104.962	22.863	51.949	17.873	0	0	0	0	0	0	0	2.173	19.204	0	5.77	15.638	0	0	0	0	0	0	0	0	0	0	0	0	0	0	0	129.998
i032acetonitrile	2770	i032	1	13	3	0	acetonitrile	-71.0	abs	1.3442	0.07	0.32	41.2511	0	0	0.1024	126.644	21.451	67.558	19.018	0	0	0	0	0	0	0	1.362	18.069	0	4.252	9.96	0	0	0	0	0	0	0	0	0	0	0	0	0	0	0	149.457
i032water	2584	i032	1	13	3	0	water	-66.0	abs	1	1	1	1	1	1	1	126.644	21.451	67.558	19.018	0	0	0	0	0	0	0	1.362	18.069	0	4.252	9.96	0	0	0	0	0	0	0	0	0	0	0	0	0	0	0	149.457
i033acetonitrile	2768	i033	1	13	3	0	acetonitrile	-69.2	abs	1.3442	0.07	0.32	41.2511	0	0	0.1024	145.768	20.512	81.047	19.766	0	0	0	0	0	0	0	0.903	17.271	0	3.249	6.758	0	0	0	0	0	0	0	0	0	0	0	0	0	0	0	167.182
i033methanol	2701	i033	1	13	3	0	methanol	-62.9	abs	1.3288	0.43	0.47	31.77	0	0	0.2209	145.768	20.512	81.047	19.766	0	0	0	0	0	0	0	0.903	17.271	0	3.249	6.758	0	0	0	0	0	0	0	0	0	0	0	0	0	0	0	167.182
i033water	2581	i033	1	13	3	0	water	-64.2	abs	1	1	1	1	1	1	1	145.768	20.512	81.047	19.766	0	0	0	0	0	0	0	0.903	17.271	0	3.249	6.758	0	0	0	0	0	0	0	0	0	0	0	0	0	0	0	167.182
i034water	2565	i034	1	13	3	0	water	-63.3	abs	1	1	1	1	1	1	1	160.193	22.593	92.243	22.287	0	0	0	0	0	0	0	0.964	15.687	0	3.209	7.201	0	0	0	0	0	0	0	0	0	0	0	0	0	0	0	183.750
i035water	2583	i035	1	13	3	0	water	-61.4	abs	1	1	1	1	1	1	1	79.751	45.028	43.739	45.817	0	0	0	0	0	0	0	5.948	10.284	0	9.336	32.68	0	0	0	0	0	0	0	0	0	0	0	0	0	0	0	130.727
i036acetonitrile	2769	i036	1	13	3	0	acetonitrile	-66.7	abs	1.3442	0.07	0.32	41.2511	0	0	0.1024	78.815	57.713	43.719	60.755	0	0	0	0	0	0	0	5.15	9.778	0	11.588	16.809	0	0	0	0	0	0	0	0	0	0	0	0	0	0	0	141.678
i036dimethylsulfoxide	2851	i036	1	13	3	0	dimethylsulfoxide	-67.2	abs	1.417	0	0.88	61.7758	0	0	0.7744	78.815	57.713	43.719	60.755	0	0	0	0	0	0	0	5.15	9.778	0	11.588	16.809	0	0	0	0	0	0	0	0	0	0	0	0	0	0	0	141.678
i036methanol	2702	i036	1	13	3	0	methanol	-60.8	abs	1.3288	0.43	0.47	31.77	0	0	0.2209	78.815	57.713	43.719	60.755	0	0	0	0	0	0	0	5.15	9.778	0	11.588	16.809	0	0	0	0	0	0	0	0	0	0	0	0	0	0	0	141.678
i036water	2582	i036	1	13	3	0	water	-61.1	abs	1	1	1	1	1	1	1	78.815	57.713	43.719	60.755	0	0	0	0	0	0	0	5.15	9.778	0	11.588	16.809	0	0	0	0	0	0	0	0	0	0	0	0	0	0	0	141.678
i037methanol	2703	i037	1	13	3	0	methanol	-57.5	abs	1.3288	0.43	0.47	31.77	0	0	0.2209	100.096	88.587	59.096	113.813	0	0	0	0	0	0	0	5.138	8.723	0	8.864	16.26	0	0	0	0	0	0	0	0	0	0	0	0	0	0	0	193.821
i037water	2585	i037	1	13	3	0	water	-56.0	abs	1	1	1	1	1	1	1	100.096	88.587	59.096	113.813	0	0	0	0	0	0	0	5.138	8.723	0	8.864	16.26	0	0	0	0	0	0	0	0	0	0	0	0	0	0	0	193.821
i039water	2580	i039	1	13	3	0	water	-66.0	abs	1	1	1	1	1	1	1	135.206	18.145	64.988	11.106	0	0	0	0	0	0	0	8.143	26.52	0	7.172	63.666	0	0	0	0	0	0	0	0	0	0	0	0	0	0	0	161.495
i040water	2562	i040	1	13	3	0	water	-75.3	abs	1	1	1	1	1	1	1	53.791	30.238	25.909	19.673	0	0	0	0	0	0	0	17.45	10.52	0	10.909	3.86	0	11.228	0	0	0	0	0	0	0	0	0	0	0	0	0	101.480
i047acetonitrile	2780	i047	1	13	7	0	acetonitrile	-89.3	abs	1.3442	0.07	0.32	41.2511	0	0	0.1024	61.314	0	0	0	0	0	0	0	0	0	0	7.007	42.276	0	0	0	0	0	0	0	0	0	0	0	0	0	0	0	0	0	0	68.321
i047dimethylsulfoxide	2852	i047	1	13	7	0	dimethylsulfoxide	-93.9	abs	1.417	0	0.88	61.7758	0	0	0.7744	61.314	0	0	0	0	0	0	0	0	0	0	7.007	42.276	0	0	0	0	0	0	0	0	0	0	0	0	0	0	0	0	0	0	68.321
i047methanol	2712	i047	1	13	7	0	methanol	-85.6	abs	1.3288	0.43	0.47	31.77	0	0	0.2209	61.314	0	0	0	0	0	0	0	0	0	0	7.007	42.276	0	0	0	0	0	0	0	0	0	0	0	0	0	0	0	0	0	0	68.321
i047water	2599	i047	1	13	7	0	water	-85.2	abs	1	1	1	1	1	1	1	61.314	0	0	0	0	0	0	0	0	0	0	7.007	42.276	0	0	0	0	0	0	0	0	0	0	0	0	0	0	0	0	0	0	68.321
i048acetonitrile	2763	i048	1	13	3	0	acetonitrile	-87.7	abs	1.3442	0.07	0.32	41.2511	0	0	0.1024	72.737	0	0	0	0	0	0	0	0	0	0	16.75	50.214	32.834	0	0	0	0	0	0	0	0	0	0	0	0	0	0	0	0	0	89.486
i048water	2600	i048	1	13	7	0	water	-84.6	abs	1	1	1	1	1	1	1	72.737	0	0	0	0	0	0	0	0	0	0	16.75	50.214	32.834	0	0	0	0	0	0	0	0	0	0	0	0	0	0	0	0	0	89.486
i050acetonitrile	2749	i050	1	13	2	0	acetonitrile	-92.1	abs	1.3442	0.07	0.32	41.2511	0	0	0.1024	67.637	12.05	26.129	0	0	11.196	20.221	14.178	0	0	0	0	0	0	0	0	0	0	0	0	0	0	0	0	0	0	0	0	0	0	0	90.883
i050water	2555	i050	1	13	2	0	water	-93.0	abs	1	1	1	1	1	1	1	67.637	12.05	26.129	0	0	11.196	20.221	14.178	0	0	0	0	0	0	0	0	0	0	0	0	0	0	0	0	0	0	0	0	0	0	0	90.883
i051water	2554	i051	1	13	2	0	water	-88.4	abs	1	1	1	1	1	1	1	91.127	14.791	42.646	9.222	0	10.427	19.386	13.598	0	0	0	0	0	0	0	0	0	0	0	0	0	0	0	0	0	0	0	0	0	0	0	116.346
i052water	2553	i052	1	13	2	0	water	-79.7	abs	1	1	1	1	1	1	1	86.714	21.736	49.547	0	0	7.657	9.203	0	0	0	0	0	0	0	0	0	0	0	0	0	0	0	0	0	0	0	0	0	0	0	0	116.107
i053acetonitrile	2748	i053	1	13	2	0	acetonitrile	-71.0	abs	1.3442	0.07	0.32	41.2511	0	0	0.1024	132.476	27.773	81.973	17.231	0	6.092	7.32	0	0	0	0	0	0	0	0	0	0	0	0	0	0	0	0	0	0	0	0	0	0	0	0	166.341
i053water	2552	i053	1	13	2	0	water	-71.5	abs	1	1	1	1	1	1	1	132.476	27.773	81.973	17.231	0	6.092	7.32	0	0	0	0	0	0	0	0	0	0	0	0	0	0	0	0	0	0	0	0	0	0	0	0	166.341
i054acetonitrile	2745	i054	1	13	2	0	acetonitrile	-77.5	abs	1.3442	0.07	0.32	41.2511	0	0	0.1024	86.579	25.006	49.774	20.212	0	17.385	8.628	0	8.467	0	0	0	0	0	0	0	0	0	0	0	0	0	0	0	0	0	0	0	0	0	0	128.971
i054water	2550	i054	1	13	2	0	water	-77.1	abs	1	1	1	1	1	1	1	86.579	25.006	49.774	20.212	0	17.385	8.628	0	8.467	0	0	0	0	0	0	0	0	0	0	0	0	0	0	0	0	0	0	0	0	0	0	128.971
i056acetonitrile	2746	i056	1	13	2	0	acetonitrile	-69.2	abs	1.3442	0.07	0.32	41.2511	0	0	0.1024	101.411	72.788	62.311	94.716	0	17.177	6.26	0	7.613	0	0	0	0	0	0	0	0	0	0	0	0	0	0	0	0	0	0	0	0	0	0	191.376
i056water	2551	i056	1	13	2	0	water	-64.5	abs	1	1	1	1	1	1	1	101.411	72.788	62.311	94.716	0	17.177	6.26	0	7.613	0	0	0	0	0	0	0	0	0	0	0	0	0	0	0	0	0	0	0	0	0	0	191.376
i088water	2601	i088	1	13	7	0	water	-110.3	abs	1	1	1	1	1	1	1	46.338	0	0	0	0	15.605	32.403	45.317	0	0	0	0	0	0	0	0	0	0	0	0	0	0	0	0	0	0	0	0	0	0	0	61.943
i093methanol	2707	i093	1	13	4	0	methanol	-72.1	abs	1.3288	0.43	0.47	31.77	0	0	0.2209	122.065	62.569	54.813	70.753	0	12.545	0	0	3.885	0	0	2.794	28.07	0	2.402	3.289	0	0	0	0	0	0	0	0	0	0	0	0	0	0	0	199.974
i093water	2590	i093	1	13	4	0	water	-71.2	abs	1	1	1	1	1	1	1	122.065	62.569	54.813	70.753	0	12.545	0	0	3.885	0	0	2.794	28.07	0	2.402	3.289	0	0	0	0	0	0	0	0	0	0	0	0	0	0	0	199.974
i094methanol	2708	i094	1	13	4	0	methanol	-75.3	abs	1.3288	0.43	0.47	31.77	0	0	0.2209	84.847	53.896	29.877	72.309	0	48.614	0	0	0	0	0	7.121	27.99	0	5.018	8.377	0	0	29.209	0	0	0	0	0	0	0	0	0	0	0	0	194.478
i094water	2591	i094	1	13	4	0	water	-75.9	abs	1	1	1	1	1	1	1	84.847	53.896	29.877	72.309	0	48.614	0	0	0	0	0	7.121	27.99	0	5.018	8.377	0	0	29.209	0	0	0	0	0	0	0	0	0	0	0	0	194.478
i095acetonitrile	2777	i095	1	13	4	0	acetonitrile	-74.1	abs	1.3442	0.07	0.32	41.2511	0	0	0.1024	122.095	19.444	64.973	11.876	0	13.978	0	0	0	0	0	0.962	17.48	0	3.466	7.208	0	0	0	0	0	0	0	0	0	0	0	0	0	0	0	156.479
i095water	2594	i095	1	13	4	0	water	-69.6	abs	1	1	1	1	1	1	1	122.095	19.444	64.973	11.876	0	13.978	0	0	0	0	0	0.962	17.48	0	3.466	7.208	0	0	0	0	0	0	0	0	0	0	0	0	0	0	0	156.479
i098water	2592	i098	1	13	4	0	water	-73.9	abs	1	1	1	1	1	1	1	76.299	17.757	24.771	11.234	0	17.624	9.041	0	7.513	0	0	9.806	18.44	0	3.919	12.835	4.755	0	0	0	0	0	0	0	0	0	0	0	0	0	0	121.487
i099acetonitrile	2776	i099	1	13	4	0	acetonitrile	-69.7	abs	1.3442	0.07	0.32	41.2511	0	0	0.1024	95.883	65.709	40.004	86.012	0	15.091	8.886	0	5.946	0	0	9.548	16.7	0	3.823	12.756	4.589	0	0	0	0	0	0	0	0	0	0	0	0	0	0	186.231
i099water	2593	i099	1	13	4	0	water	-67.2	abs	1	1	1	1	1	1	1	95.883	65.709	40.004	86.012	0	15.091	8.886	0	5.946	0	0	9.548	16.7	0	3.823	12.756	4.589	0	0	0	0	0	0	0	0	0	0	0	0	0	0	186.231
i106water	2595	i106	1	13	5	0	water	-64.5	abs	1	1	1	1	1	1	1	88.134	20.066	49.984	0	0	0	0	0	0	0	0	0	0	0	0	0	0	0	0	0	0	0	20.57	10.875	0	0	0	0	0	0	0	128.771
i112acetonitrile	2778	i112	1	13	5	0	acetonitrile	-73.5	abs	1.3442	0.07	0.32	41.2511	0	0	0.1024	86.502	18.591	48.826	0	0	16.877	9.713	0	0	0	0	0	0	0	0	0	0	0	0	0	0	0	17.325	5.836	0	0	0	0	0	0	7.232	139.295
i112water	2596	i112	1	13	5	0	water	-67.7	abs	1	1	1	1	1	1	1	86.502	18.591	48.826	0	0	16.877	9.713	0	0	0	0	0	0	0	0	0	0	0	0	0	0	0	17.325	5.836	0	0	0	0	0	0	7.232	139.295
i125methanol	2710	i125	1	13	6	0	methanol	-76.0	abs	1.3288	0.43	0.47	31.77	0	0	0.2209	89.102	53.336	32.735	71.489	0	0	0	0	0	0	0	2.819	28.008	0	2.38	3.324	0	0	0	0	38.789	0	0	0	0	0	0	0	0	0	0	184.046
i125water	2597	i125	1	13	6	0	water	-74.7	abs	1	1	1	1	1	1	1	89.102	53.336	32.735	71.489	0	0	0	0	0	0	0	2.819	28.008	0	2.38	3.324	0	0	0	0	38.789	0	0	0	0	0	0	0	0	0	0	184.046
i126methanol	2711	i126	1	13	6	0	methanol	-75.5	abs	1.3288	0.43	0.47	31.77	0	0	0.2209	89.196	53.312	32.758	71.467	0	0	0	0	0	0	0	2.812	28.048	0	2.387	3.311	0	0	0	0	38.777	0	0	0	0	0	0	0	0	0	0	184.097
i126water	2598	i126	1	13	6	0	water	-74.1	abs	1	1	1	1	1	1	1	89.196	53.312	32.758	71.467	0	0	0	0	0	0	0	2.812	28.048	0	2.387	3.311	0	0	0	0	38.777	0	0	0	0	0	0	0	0	0	0	184.097
i130methanol	2684	i130	1	13	3	0	methanol	-56.3	abs	1.3288	0.43	0.47	31.77	0	0	0.2209	159.979	27.253	100.632	18.706	0	0	0	0	0	0	0	0.056	6.958	0	5.92	0.743	0	0	0	0	0	0	0	0	0	0	0	0	0	0	0	187.289
i132acetonitrile	2755	i132	1	13	3	0	acetonitrile	-61.9	abs	1.3442	0.07	0.32	41.2511	0	0	0.1024	122.214	62.292	73.631	65.577	0	0	0	0	0	0	0	5.099	8.814	0	8.769	15.883	0	0	0	0	0	0	0	0	0	0	0	0	0	0	0	189.605
i133methanol	2686	i133	1	13	3	0	methanol	-55.6	abs	1.3288	0.43	0.47	31.77	0	0	0.2209	121.81	62.813	74.415	70.965	0	0	0	0	0	0	0	5.005	7.73	0	6.036	14.777	0	0	0	0	0	0	0	0	0	0	0	0	0	0	0	189.629
i140methanol	2688	i140	1	13	3	0	methanol	-57.7	abs	1.3288	0.43	0.47	31.77	0	0	0.2209	100.312	60.273	59.041	65.891	0	0	0	0	0	0	0	5.077	8.781	0	8.796	15.779	0	0	0	0	0	0	0	0	0	0	0	0	0	0	0	165.663
i141methanol	2709	i141	1	13	6	0	methanol	-75.2	abs	1.3288	0.43	0.47	31.77	0	0	0.2209	88.714	53.003	32.509	71.025	0	0	0	0	0	0	0	2.831	27.97	0	2.378	3.336	0	0	0	0	0	44.466	0	0	0	0	0	0	0	0	0	189.014
i144methanol	2706	i144	1	13	4	0	methanol	-68.0	abs	1.3288	0.43	0.47	31.77	0	0	0.2209	121.615	62.693	54.674	70.978	0	12.567	0	0	3.751	0	0	2.809	27.905	0	2.369	3.309	0	0	0	0	0	0	0	0	0	0	0	0	0	0	0	199.683
i145methanol	2690	i145	1	13	3	0	methanol	-58.5	abs	1.3288	0.43	0.47	31.77	0	0	0.2209	100.999	59.764	58.549	61.019	0	0	0	0	0	0	0	5.13	9.76	0	11.138	16.722	0	0	0	0	0	0	0	0	0	0	0	0	0	0	0	165.893
i148methanol	2691	i148	1	13	3	0	methanol	-72.1	abs	1.3288	0.43	0.47	31.77	0	0	0.2209	64.646	68.358	34.132	66.805	0	0	0	0	0	0	0	32.919	9.79	0	21.004	23.151	0	17.007	0	0	0	0	0	0	0	0	0	0	0	0	0	165.923
i149methanol	2692	i149	1	13	3	0	methanol	-57.6	abs	1.3288	0.43	0.47	31.77	0	0	0.2209	121.331	60.827	72.1	62.286	0	0	0	0	0	0	0	5.186	9.812	0	11.536	16.975	0	0	0	0	0	0	0	0	0	0	0	0	0	0	0	187.344
i150acetonitrile	2743	i150	1	13	2	0	acetonitrile	-75.4	abs	1.3442	0.07	0.32	41.2511	0	0	0.1024	106.446	69.009	54.778	87.239	0	30.312	17.658	0	12.563	0	0	0	0	0	0	0	0	0	0	0	0	0	0	0	0	0	0	0	0	0	0	205.767
i151methanol	2694	i151	1	13	3	0	methanol	-58.1	abs	1.3288	0.43	0.47	31.77	0	0	0.2209	100.862	59.637	58.409	60.369	0	0	0	0	0	0	0	5.181	9.809	0	11.543	16.955	0	0	0	0	0	0	0	0	0	0	0	0	0	0	0	165.681
i153methanol	2695	i153	1	13	3	0	methanol	-62.3	abs	1.3288	0.43	0.47	31.77	0	0	0.2209	118.172	105.646	70.248	131.792	0	0	0	0	0	0	0	5.216	9.829	0	11.474	17.096	0	0	0	0	0	0	0	0	0	0	0	0	0	0	0	229.034
i154acetonitrile	2744	i154	1	13	2	0	acetonitrile	-85.9	abs	1.3442	0.07	0.32	41.2511	0	0	0.1024	62.179	17.336	24.747	10.967	0	36.367	17.775	0	17.426	0	0	0	0	0	0	0	0	0	0	0	0	0	0	0	0	0	0	0	0	0	0	115.882
i157acetonitrile	2747	i157	1	13	2	0	acetonitrile	-78.3	abs	1.3442	0.07	0.32	41.2511	0	0	0.1024	84.878	66.897	40.32	87.355	0	30.16	17.724	0	12.777	0	0	0	0	0	0	0	0	0	0	0	0	0	0	0	0	0	0	0	0	0	0	181.935
i158acetonitrile	2758	i158	1	13	3	0	acetonitrile	-78.2	abs	1.3442	0.07	0.32	41.2511	0	0	0.1024	126.643	60.194	57.973	79.935	0	0	0	0	0	0	0	2.883	28.039	0	1.667	8.739	0	0	0	0	0	0	0	0	0	0	0	0	0	0	0	189.720
i159acetonitrile	2760	i159	1	13	3	0	acetonitrile	-65.4	abs	1.3442	0.07	0.32	41.2511	0	0	0.1024	218.547	37.174	135.881	24.842	0	0	0	0	0	0	0	0.259	11.035	0	1.858	1.946	0	0	0	0	0	0	0	0	0	0	0	0	0	0	0	255.980
i161acetonitrile	2761	i161	1	13	3	0	acetonitrile	-64.8	abs	1.3442	0.07	0.32	41.2511	0	0	0.1024	231.57	36.822	140.61	30.326	0	0	0	0	0	0	0	0.332	15.147	0	2.234	2.499	0	0	0	0	0	0	0	0	0	0	0	0	0	0	0	268.724
i163acetonitrile	2762	i163	1	13	3	0	acetonitrile	-76.8	abs	1.3442	0.07	0.32	41.2511	0	0	0.1024	104.68	14.039	42.417	8.637	0	0	0	0	0	0	0	2.749	28.649	0	1.836	8.325	0	0	0	0	0	0	0	0	0	0	0	0	0	0	0	121.469
i163methanol	2697	i163	1	13	3	0	methanol	-71.0	abs	1.3288	0.43	0.47	31.77	0	0	0.2209	104.68	14.039	42.417	8.637	0	0	0	0	0	0	0	2.749	28.649	0	1.836	8.325	0	0	0	0	0	0	0	0	0	0	0	0	0	0	0	121.469
i164acetonitrile	2781	i164	1	13	7	0	acetonitrile	-100.2	abs	1.3442	0.07	0.32	41.2511	0	0	0.1024	44.159	0	0	0	0	0	0	0	0	0	0	0	0	0	0	0	0	0	0	0	0	0	32.459	33.272	0	0	0	0	0	0	0	76.618
i165acetonitrile	2764	i165	1	13	3	0	acetonitrile	-73.5	abs	1.3442	0.07	0.32	41.2511	0	0	0.1024	139.749	19.413	69.758	13.02	0	0	0	0	0	0	0	2.693	24.694	0	1.471	8.123	0	0	0	0	0	0	0	0	0	0	0	0	0	0	0	161.855
i167acetonitrile	2750	i167	1	13	2	0	acetonitrile	-70.4	abs	1.3442	0.07	0.32	41.2511	0	0	0.1024	111.33	67.865	66.781	76.219	0	6.489	8.657	0	0	0	0	0	0	0	0	0	0	0	0	0	0	0	0	0	0	0	0	0	0	0	0	185.684
i175acetonitrile	2751	i175	1	13	2	0	acetonitrile	-85.2	abs	1.3442	0.07	0.32	41.2511	0	0	0.1024	134.217	19.838	72.274	16.164	0	11.331	18.613	13.057	0	0	0	0	0	0	0	0	0	0	0	0	0	0	0	0	0	0	0	0	0	0	0	165.386
i176acetonitrile	2766	i176	1	13	3	0	acetonitrile	-75.7	abs	1.3442	0.07	0.32	41.2511	0	0	0.1024	148.602	19.269	71.962	15.712	0	0	0	0	0	0	0	2.78	28.529	0	1.401	8.389	0	0	0	0	0	0	0	0	0	0	0	0	0	0	0	170.651
i176methanol	2699	i176	1	13	3	0	methanol	-70.8	abs	1.3288	0.43	0.47	31.77	0	0	0.2209	148.602	19.269	71.962	15.712	0	0	0	0	0	0	0	2.78	28.529	0	1.401	8.389	0	0	0	0	0	0	0	0	0	0	0	0	0	0	0	170.651
i178acetonitrile	2752	i178	1	13	2	0	acetonitrile	-78.1	abs	1.3442	0.07	0.32	41.2511	0	0	0.1024	92.059	59.717	43.245	80.041	0	9.888	19.642	13.772	0	0	0	0	0	0	0	0	0	0	0	0	0	0	0	0	0	0	0	0	0	0	0	161.664
i179acetonitrile	2753	i179	1	13	2	0	acetonitrile	-82.4	abs	1.3442	0.07	0.32	41.2511	0	0	0.1024	128.526	20.518	70.536	12.812	0	9.599	16.439	11.547	0	0	0	0	0	0	0	0	0	0	0	0	0	0	0	0	0	0	0	0	0	0	0	158.643
i180acetonitrile	2754	i180	1	13	2	0	acetonitrile	-74.7	abs	1.3442	0.07	0.32	41.2511	0	0	0.1024	114.17	22.45	68.079	19.738	0	8.189	9.086	0	0	0	0	0	0	0	0	0	0	0	0	0	0	0	0	0	0	0	0	0	0	0	0	144.810
i181acetonitrile	2779	i181	1	13	5	0	acetonitrile	-73.6	abs	1.3442	0.07	0.32	41.2511	0	0	0.1024	75.726	15.846	24.614	9.933	0	0	0	0	0	0	0	9.736	18.431	0	3.332	12.254	0	0	0	0	0	0	32.771	9.444	0	0	0	0	0	0	0	134.079
i184acetonitrile	2774	i184	1	13	3	0	acetonitrile	-57.4	abs	1.3442	0.07	0.32	41.2511	0	0	0.1024	298.419	51.21	194.476	42.134	0	0	0	0	0	0	0	0.008	5.875	0	2.375	0.105	0	0	0	0	0	0	0	0	0	0	0	0	0	0	0	349.637
